141,545,1088640358
141,545,1088640359
392,157,1088640716
392,556,1088640786
709,595,1088640978
784,830,1088641402
870,290,1088641792
153,776,1088642039
255,776,1088643244
255,876,1088643281
255,739,1088643299
844,673,1088643315
259,724,1088645024
259,92,1088645073
539,876,1088645188
287,357,1088646159
287,854,1088646241
209,236,1088646286
281,690,1088646655
322,363,1088647769
9,880,1088648309
9,290,1088648371
695,106,1088649123
783,491,1088649916
345,156,1088650306
345,183,1088650441
345,40,1088650503
164,362,1088650521
164,323,1088650764
164,895,1088651071
347,185,1088651106
164,99,1088651113
347,452,1088651147
637,290,1088651523
637,371,1088651741
142,874,1088652111
142,739,1088652178
142,294,1088652256
142,830,1088652305
346,880,1088652322
283,183,1088652770
637,222,1088653164
9,222,1088653513
231,452,1088653689
463,444,1088654510
637,627,1088654798
28,52,1088655153
637,222,1088655274
637,349,1088655334
637,376,1088655435
173,437,1088656268
898,236,1088656834
747,236,1088657084
29,443,1088658931
243,290,1088659217
637,290,1088659391
83,874,1088659558
637,875,1088659749
531,880,1088660708
422,880,1088662174
555,257,1088662236
216,874,1088662250
83,874,1088663280
141,477,1088664465
141,476,1088664484
846,617,1088664733
846,477,1088664849
846,476,1088664932
47,2,1088665251
72,222,1088666485
1,329,1088667552
193,706,1088683620
631,36,1088690708
744,119,1088691611
744,40,1088691657
9,437,1088692500
9,222,1088692536
9,36,1088692606
9,627,1088692647
9,880,1088692706
9,52,1088692726
9,706,1088692778
9,290,1088692827
192,545,1088693843
283,557,1088693929
562,558,1088694029
562,92,1088694050
383,874,1088694990
318,839,1088696458
710,260,1088696519
494,443,1088697879
193,518,1088698727
193,627,1088699584
9,627,1088701554
205,99,1088702442
898,236,1088702869
173,437,1088704310
39,323,1088704897
39,437,1088704936
747,241,1088705159
747,220,1088705183
634,415,1088706140
634,362,1088706197
47,729,1088706937
198,787,1088707377
422,880,1088707604
198,264,1088707722
862,55,1088710502
9,437,1088711968
141,759,1088713318
141,178,1088713431
538,264,1088714632
62,759,1088716392
307,557,1088717846
307,376,1088717934
405,437,1088719268
834,545,1088721521
834,545,1088722311
637,372,1088722945
891,290,1088724128
141,759,1088724778
637,498,1088724935
360,264,1088725658
345,290,1088726542
623,31,1088727341
173,437,1088728955
367,157,1088729689
538,264,1088730680
538,264,1088730700
823,516,1088730730
63,240,1088731592
797,556,1088734392
834,477,1088734676
14,222,1088735389
345,31,1088735734
858,31,1088736343
637,627,1088736850
637,706,1088737045
371,618,1088740378
601,839,1088740913
134,491,1088741654
784,830,1088742563
770,557,1088744322
420,53,1088744935
420,881,1088746462
237,83,1088746513
237,252,1088746523
142,183,1088746646
142,830,1088746667
318,839,1088747378
420,868,1088747507
895,560,1088748471
141,477,1088749452
609,386,1088750469
827,257,1088750714
348,391,1088750763
90,240,1088752811
90,737,1088752854
90,522,1088752890
307,557,1088753128
90,737,1088753212
345,31,1088753245
72,222,1088754396
137,443,1088754878
307,418,1088778198
255,739,1088779642
313,732,1088779659
93,290,1088781097
871,392,1088783933
214,31,1088784453
250,521,1088785723
250,484,1088785963
62,388,1088787624
62,498,1088787694
172,549,1088788208
39,437,1088789062
53,392,1088791034
623,31,1088791262
476,359,1088794731
135,673,1088796213
135,101,1088796275
784,830,1088798644
803,732,1088800770
624,883,1088804051
825,178,1088804954
825,126,1088805009
173,437,1088806331
51,830,1088807493
870,734,1088808253
346,53,1088808400
194,734,1088809513
62,734,1088809636
285,598,1088809842
14,701,1088812010
182,477,1088812951
637,388,1088815959
637,549,1088816557
233,226,1088817444
106,388,1088819699
637,294,1088819815
699,747,1088820491
699,747,1088820750
124,839,1088820960
846,477,1088822434
733,31,1088822813
870,734,1088824580
870,878,1088824602
493,66,1088827471
624,851,1088827889
601,839,1088828333
395,734,1088828597
395,388,1088828617
602,308,1088828773
276,868,1088829073
784,830,1088830055
283,183,1088830343
142,183,1088830557
142,830,1088830598
592,362,1088832224
592,126,1088832282
164,99,1088832316
592,590,1088832869
863,554,1088832938
592,736,1088833082
592,206,1088833246
185,736,1088834759
298,830,1088835541
298,101,1088835636
29,443,1088835965
202,448,1088837049
619,895,1088839084
619,853,1088839286
285,512,1088840163
494,736,1088846324
97,33,1088861044
686,734,1088869096
686,392,1088869238
870,734,1088870190
671,261,1088871961
83,874,1088875097
83,739,1088875202
637,512,1088876258
472,701,1088876377
637,853,1088876417
472,507,1088876471
472,636,1088876531
472,676,1088876572
472,897,1088876648
83,261,1088878855
637,507,1088879110
205,99,1088880912
205,91,1088880926
805,851,1088882099
805,391,1088882306
395,734,1088888582
395,388,1088888655
637,851,1088889049
744,153,1088890225
280,504,1088890400
280,227,1088890640
313,598,1088894038
313,596,1088894090
313,294,1088894291
313,701,1088894343
313,443,1088894452
805,851,1088897775
805,2,1088897977
384,2,1088898574
318,839,1088901002
62,734,1088901559
636,205,1088901850
560,558,1088904475
560,742,1088904561
560,767,1088904732
870,789,1088904899
560,852,1088904932
870,636,1088904969
560,260,1088905164
560,791,1088905272
526,843,1088905373
560,883,1088905591
560,557,1088905702
637,870,1088906029
560,128,1088906061
164,99,1088906453
560,152,1088906630
560,183,1088906843
560,592,1088908112
560,896,1088908284
383,874,1088908838
383,874,1088908884
383,897,1088908982
560,61,1088909012
83,701,1088909524
624,851,1088912254
637,775,1088914153
637,703,1088914181
637,786,1088914240
637,297,1088914355
47,2,1088914754
47,2,1088914806
637,437,1088915000
287,357,1088916158
881,226,1088916910
881,870,1088916948
72,183,1088917091
328,52,1088917318
637,369,1088917446
637,518,1088917580
9,512,1088918319
9,870,1088918577
571,153,1088919402
744,153,1088920287
424,737,1088922341
637,234,1088923170
637,870,1088923216
132,108,1088925629
132,782,1088925664
132,617,1088925770
132,178,1088925814
135,362,1088926952
346,183,1088927995
601,868,1088930973
859,452,1088934513
859,308,1088934574
496,227,1088942789
405,530,1088954561
637,108,1088956878
637,617,1088957011
234,789,1088958721
637,713,1088959134
637,127,1088959832
39,369,1088960829
62,183,1088960963
145,387,1088960987
62,388,1088960998
145,387,1088961025
39,437,1088961067
145,387,1088961111
39,632,1088961112
145,387,1088961226
39,127,1088961458
39,206,1088961524
369,748,1088962118
872,99,1088964764
510,99,1088965283
510,362,1088965350
510,320,1088965421
142,874,1088965526
510,91,1088965582
142,739,1088965610
142,830,1088965731
494,387,1088965993
525,40,1088967434
9,530,1088968725
141,617,1088973420
141,152,1088973562
141,492,1088973655
422,880,1088974999
805,851,1088977235
871,392,1088977237
137,851,1088977742
525,324,1088978259
624,851,1088979183
57,742,1088979448
457,560,1088979758
196,705,1088980604
39,371,1088982368
39,596,1088982438
578,831,1088984839
255,867,1088985234
255,598,1088985264
414,261,1088987701
414,543,1088987767
9,543,1088988075
384,897,1088989384
630,357,1088990855
881,365,1088991022
65,484,1088992271
578,7,1088997090
578,556,1088997719
91,154,1088998555
91,444,1088998596
59,227,1088998625
91,152,1088998643
59,221,1088998938
634,484,1088999012
825,530,1089000509
870,734,1089001222
622,31,1089002371
496,376,1089002503
135,560,1089005135
134,895,1089006470
735,421,1089007488
333,386,1089007652
134,94,1089008082
637,362,1089011503
637,369,1089011661
405,530,1089040437
405,133,1089040680
326,437,1089040838
645,853,1089041949
645,895,1089042256
813,556,1089043577
637,741,1089043614
392,556,1089043747
618,868,1089043947
345,388,1089046330
345,40,1089046477
255,365,1089047055
585,874,1089047237
205,99,1089049122
205,776,1089049156
822,388,1089051243
637,388,1089054339
39,369,1089056760
784,830,1089058148
141,152,1089058418
341,479,1089059839
578,556,1089061208
743,362,1089063798
743,99,1089063869
190,389,1089064819
90,867,1089065637
345,388,1089066944
637,362,1089069515
637,388,1089069839
637,187,1089073390
822,388,1089073953
142,830,1089074405
756,445,1089074648
216,739,1089075158
216,874,1089075228
623,31,1089078812
83,739,1089078845
93,290,1089080590
422,365,1089082308
422,365,1089082343
216,739,1089082443
44,880,1089082929
152,492,1089084181
83,739,1089084376
83,874,1089084826
637,672,1089085273
870,290,1089085403
870,878,1089085424
307,557,1089086425
858,31,1089086474
858,31,1089086503
307,40,1089086598
307,40,1089086625
345,40,1089088188
83,874,1089088190
345,388,1089088253
634,362,1089089131
50,55,1089089362
383,874,1089089497
383,874,1089089538
637,362,1089089992
18,867,1089090622
83,874,1089090915
187,183,1089091760
187,150,1089091850
187,180,1089092205
187,443,1089092232
187,734,1089092319
187,786,1089092376
637,180,1089092637
637,831,1089092785
91,152,1089093045
29,443,1089093059
91,290,1089093068
91,154,1089093123
539,874,1089093782
348,445,1089095065
460,510,1089102820
137,851,1089102864
627,55,1089111840
93,290,1089125501
743,362,1089127316
283,557,1089130676
283,183,1089130721
283,221,1089130876
547,857,1089131136
547,423,1089131255
3,662,1089136054
3,90,1089136113
733,31,1089136660
345,290,1089136816
895,560,1089137563
870,423,1089139892
383,874,1089142035
585,874,1089142051
383,874,1089142525
90,737,1089142725
173,437,1089143899
777,264,1089147698
395,734,1089149005
752,741,1089150152
752,559,1089150824
752,284,1089150892
105,763,1089150918
752,743,1089150997
789,618,1089152915
152,492,1089154320
185,445,1089156465
50,154,1089156473
745,878,1089157479
9,376,1089157934
243,290,1089158758
64,445,1089159149
538,264,1089159472
64,324,1089159488
538,559,1089159507
538,662,1089159556
90,749,1089163009
345,376,1089163845
496,376,1089166443
216,739,1089167159
216,874,1089167281
806,392,1089167543
870,240,1089168404
637,240,1089168567
756,445,1089169023
18,96,1089169049
756,445,1089169057
18,708,1089169088
753,236,1089169112
274,96,1089170430
93,290,1089170494
628,502,1089172952
83,739,1089173037
347,726,1089173039
870,290,1089173064
627,618,1089173388
91,154,1089173429
91,154,1089173445
848,896,1089173503
91,290,1089173525
624,236,1089173678
346,443,1089174203
510,362,1089174296
346,183,1089174299
346,150,1089174440
813,370,1089174695
50,757,1089174866
64,445,1089175682
870,726,1089176143
73,241,1089176278
898,236,1089176490
367,444,1089177338
367,868,1089177479
367,224,1089178197
169,40,1089179363
822,240,1089180137
822,290,1089180170
595,831,1089180464
375,150,1089180489
322,484,1089183352
92,373,1089185686
92,373,1089185776
92,357,1089185913
92,319,1089186153
92,297,1089186248
47,224,1089188746
72,297,1089189258
873,589,1089214451
91,290,1089214485
873,182,1089214516
873,181,1089214800
873,676,1089214975
873,68,1089215047
873,829,1089215159
424,737,1089217856
91,686,1089225156
91,727,1089225213
91,542,1089225242
91,444,1089225270
91,152,1089225290
91,424,1089225306
91,734,1089225387
91,152,1089225427
91,542,1089225445
39,370,1089226594
699,530,1089230445
699,747,1089231529
274,240,1089235288
47,2,1089236162
784,830,1089236368
509,863,1089236966
405,319,1089238051
345,376,1089242664
383,224,1089242973
803,96,1089243587
525,2,1089244082
98,392,1089245722
98,853,1089245783
247,290,1089246162
247,515,1089246485
247,417,1089246509
142,874,1089246522
247,763,1089246554
142,443,1089246622
142,830,1089246661
345,290,1089246888
539,376,1089246975
628,672,1089247210
216,739,1089247357
216,874,1089247428
783,491,1089249213
274,557,1089250228
420,355,1089251805
420,53,1089252266
438,874,1089253726
345,376,1089254250
637,831,1089256423
29,443,1089256533
735,2,1089256772
346,53,1089257334
619,853,1089257556
861,62,1089258969
861,197,1089259272
216,874,1089259323
601,868,1089259636
806,392,1089260118
637,197,1089260672
83,874,1089260911
102,71,1089261356
510,445,1089261991
336,357,1089263152
336,734,1089263291
336,245,1089263351
521,239,1089264561
164,362,1089264596
48,105,1089264621
164,99,1089264678
164,320,1089264774
645,853,1089265271
4,443,1089265845
895,349,1089266952
383,874,1089266956
895,349,1089267030
47,2,1089268751
135,557,1089269287
274,557,1089269823
50,446,1089273920
72,491,1089273973
93,863,1089274152
93,863,1089274180
93,290,1089274261
93,290,1089274271
448,450,1089283066
870,557,1089283931
91,734,1089290035
91,290,1089290118
82,91,1089291811
637,349,1089296274
637,443,1089296358
770,557,1089299564
578,831,1089299792
719,349,1089302643
719,541,1089302745
719,249,1089302835
132,741,1089304376
39,437,1089304786
39,594,1089304831
39,156,1089304923
39,68,1089305037
39,46,1089305135
194,105,1089307156
205,417,1089307979
205,91,1089308015
205,99,1089308073
141,585,1089308399
871,229,1089309530
257,479,1089311181
645,521,1089312190
756,445,1089313292
756,222,1089313363
556,90,1089313442
737,290,1089314057
737,238,1089314272
784,830,1089314836
105,763,1089315742
539,874,1089319026
326,445,1089321502
806,90,1089322442
395,734,1089322530
395,446,1089322621
637,437,1089325157
180,386,1089327536
180,117,1089327690
634,362,1089329549
231,452,1089329867
743,349,1089330123
743,249,1089330165
231,452,1089330344
326,446,1089331348
64,445,1089332383
822,240,1089333138
870,240,1089335043
637,349,1089335060
637,240,1089335134
383,874,1089336168
9,437,1089337600
247,290,1089337663
247,763,1089337706
247,417,1089337753
637,437,1089338942
420,94,1089339770
756,445,1089340212
274,240,1089340844
274,557,1089340904
870,149,1089340982
395,386,1089341867
395,452,1089341904
9,437,1089342236
351,62,1089342349
637,437,1089342561
360,264,1089344430
50,446,1089344573
510,320,1089345006
510,362,1089345124
274,594,1089345162
725,830,1089345738
832,100,1089347355
870,557,1089347531
102,869,1089348313
748,221,1089348600
274,557,1089348889
83,738,1089349054
748,830,1089349325
895,270,1089349491
274,270,1089349993
705,445,1089350039
748,387,1089350198
274,738,1089350580
153,594,1089350682
274,594,1089351269
295,686,1089351530
18,238,1089353310
399,70,1089355173
538,264,1089360391
65,221,1089364847
496,227,1089371668
91,686,1089378747
637,362,1089384866
51,830,1089386202
813,834,1089389473
143,386,1089390652
833,641,1089391648
833,643,1089391657
833,187,1089391669
833,261,1089392250
833,282,1089392278
833,735,1089392455
833,594,1089392732
833,363,1089392753
833,543,1089392768
833,691,1089392796
833,853,1089392816
345,290,1089395209
645,853,1089396178
645,127,1089396543
645,895,1089396609
378,686,1089399743
634,362,1089401290
393,585,1089402259
64,445,1089403415
396,829,1089403578
396,58,1089403681
422,589,1089405213
326,446,1089405892
8,90,1089409362
8,490,1089409537
8,662,1089409606
205,229,1089410025
130,379,1089411884
395,386,1089414824
39,127,1089414972
39,594,1089415019
748,221,1089415157
65,221,1089416473
274,594,1089417289
394,270,1089419981
846,476,1089421836
384,869,1089422100
412,637,1089423287
412,81,1089423327
509,593,1089423577
141,476,1089424031
274,270,1089424497
383,869,1089425182
401,590,1089425385
401,117,1089425523
748,221,1089425682
401,615,1089425704
401,417,1089425885
401,54,1089426017
401,637,1089426145
401,62,1089426480
401,152,1089426569
637,829,1089430408
83,261,1089432077
705,445,1089433308
134,62,1089433599
538,490,1089435152
538,662,1089435167
216,738,1089435230
143,386,1089435440
645,81,1089436709
739,224,1089439274
739,180,1089440045
739,149,1089440546
619,853,1089440634
739,149,1089440819
83,738,1089442110
233,226,1089447360
739,362,1089447808
98,853,1089448270
98,392,1089448316
47,224,1089449094
394,585,1089452057
777,593,1089466844
777,264,1089466911
777,868,1089466981
777,265,1089467121
347,831,1089471742
384,869,1089472044
216,738,1089473438
580,282,1089475358
205,615,1089477601
83,738,1089478318
538,264,1089479754
578,831,1089480031
134,853,1089482974
39,593,1089483093
39,594,1089483151
846,476,1089484592
268,729,1089484842
846,638,1089484929
274,738,1089486079
873,482,1089486296
134,593,1089488362
383,869,1089489252
383,738,1089489683
582,81,1089490423
822,389,1089493656
498,247,1089494670
498,493,1089495820
498,62,1089496442
283,221,1089498785
283,538,1089498858
283,538,1089498879
283,557,1089499021
870,183,1089500921
609,386,1089502098
846,617,1089504353
141,476,1089510181
539,738,1089512114
865,293,1089513214
274,738,1089513314
83,738,1089514818
347,389,1089515438
216,738,1089517808
65,843,1089519170
805,851,1089524145
805,851,1089524182
748,221,1089525054
173,437,1089525886
686,94,1089525969
422,594,1089556197
91,477,1089560998
91,290,1089561061
91,433,1089561365
91,152,1089562020
102,869,1089562897
822,389,1089564560
193,493,1089566636
359,437,1089567297
359,97,1089567361
9,152,1089568916
9,290,1089568968
567,36,1089568979
480,495,1089569089
141,477,1089570356
43,442,1089571340
375,62,1089571700
91,477,1089573434
318,495,1089578274
347,389,1089578503
141,477,1089580517
117,593,1089580627
117,394,1089580730
164,362,1089582227
164,81,1089582324
164,99,1089582392
164,320,1089582492
164,323,1089582586
485,572,1089583179
856,442,1089584764
395,433,1089585146
395,442,1089585176
395,442,1089585183
39,594,1089590285
578,92,1089592819
392,869,1089595060
870,437,1089595421
418,515,1089595951
418,493,1089596223
238,75,1089598460
238,729,1089599565
382,221,1089600137
756,445,1089600231
813,370,1089600794
813,370,1089600800
813,370,1089600807
813,370,1089600853
219,323,1089602185
18,897,1089602399
91,433,1089604765
510,320,1089606946
510,362,1089607166
510,362,1089607175
346,183,1089607579
346,897,1089607615
298,830,1089608236
46,780,1089608783
366,282,1089610271
164,362,1089610996
164,323,1089611098
164,320,1089611204
846,476,1089611431
846,477,1089611496
745,538,1089611618
812,126,1089612109
745,69,1089612342
397,672,1089613553
438,874,1089613811
438,738,1089613929
531,320,1089614892
531,75,1089615012
744,673,1089615490
65,518,1089626541
531,762,1089628448
531,595,1089628467
531,628,1089628485
531,45,1089628567
531,870,1089628691
274,775,1089633539
47,69,1089633562
806,759,1089633925
188,855,1089634076
188,671,1089634093
870,395,1089634732
870,706,1089634752
384,507,1089637551
283,538,1089639216
283,538,1089639304
283,51,1089639395
283,390,1089639449
283,221,1089639537
9,790,1089641328
578,855,1089642833
578,871,1089642894
395,766,1089644689
18,762,1089645202
18,60,1089645250
18,428,1089645270
18,523,1089645284
97,592,1089647148
97,33,1089647172
447,242,1089647698
447,738,1089647794
172,549,1089649707
43,350,1089651994
719,249,1089652627
719,672,1089652703
719,294,1089652741
205,106,1089652770
719,248,1089652776
164,320,1089652821
164,544,1089652943
135,329,1089653361
398,45,1089653500
398,437,1089653527
276,778,1089653708
538,296,1089654030
538,759,1089654055
134,4,1089654619
438,738,1089655263
438,676,1089655311
438,546,1089655337
813,703,1089655885
728,101,1089656379
142,874,1089656749
838,244,1089657101
838,515,1089657657
838,290,1089657925
119,546,1089658331
119,294,1089658539
119,543,1089658612
822,389,1089659038
9,4,1089659409
9,45,1089659438
9,759,1089659459
9,703,1089659474
367,230,1089659704
1,741,1089660283
1,741,1089660309
63,49,1089660473
141,545,1089661575
141,597,1089661620
141,295,1089661693
141,759,1089661735
743,362,1089661738
743,99,1089661757
743,249,1089661785
141,178,1089661799
743,179,1089661802
743,349,1089661822
346,4,1089662479
346,854,1089662490
346,544,1089662517
346,644,1089662537
346,184,1089662580
220,394,1089662794
347,433,1089662967
347,504,1089663163
347,185,1089663217
347,389,1089663277
347,518,1089663322
102,869,1089663419
450,245,1089663466
102,86,1089663609
744,153,1089663901
392,86,1089663956
392,157,1089663965
842,104,1089665044
274,4,1089666575
274,738,1089666681
806,644,1089666751
285,788,1089667026
285,512,1089667065
285,296,1089667084
259,724,1089668629
259,388,1089668728
637,672,1089669362
637,856,1089669387
91,433,1089669445
637,180,1089669454
91,234,1089669472
637,107,1089669472
91,881,1089669481
18,96,1089669561
57,292,1089669664
891,60,1089669726
891,106,1089669805
892,743,1089670009
395,433,1089670010
395,86,1089670045
892,81,1089670157
892,81,1089670276
892,297,1089670747
752,54,1089671161
805,282,1089671307
405,102,1089672672
811,119,1089673501
531,320,1089673801
48,762,1089675221
48,790,1089675288
164,362,1089675709
870,60,1089675860
485,97,1089676200
9,759,1089676353
538,296,1089676706
538,759,1089676735
538,545,1089676754
538,743,1089676771
64,887,1089677017
619,96,1089677570
383,507,1089677715
383,157,1089677831
383,738,1089678293
383,738,1089678302
383,869,1089678386
181,372,1089678444
695,549,1089679494
695,858,1089679520
695,431,1089679539
695,725,1089679559
695,260,1089679579
752,284,1089680612
752,559,1089680626
752,559,1089680634
752,154,1089680905
395,790,1089684131
395,386,1089684171
510,320,1089684796
394,725,1089684867
384,157,1089684965
510,362,1089685000
509,545,1089685120
243,549,1089685205
243,498,1089685317
243,290,1089685490
243,152,1089685560
538,559,1089685580
91,433,1089685749
91,290,1089685871
438,738,1089686057
438,6,1089686152
438,389,1089686174
695,549,1089686972
321,734,1089687547
821,104,1089688944
216,738,1089689283
216,738,1089689323
216,874,1089689369
813,834,1089689912
264,31,1089689990
872,323,1089690235
735,855,1089690404
756,288,1089690568
834,725,1089691556
238,75,1089694390
173,759,1089696757
141,759,1089696908
141,545,1089697001
393,734,1089697102
164,362,1089697520
397,672,1089697550
164,323,1089697569
164,320,1089697695
870,734,1089697903
870,636,1089698064
394,725,1089698088
870,627,1089698103
231,452,1089698657
601,839,1089699630
601,732,1089699642
274,627,1089700180
422,589,1089700724
422,589,1089700759
221,257,1089700809
531,75,1089702767
531,320,1089702927
580,501,1089705009
580,282,1089705035
516,730,1089705198
392,869,1089708849
872,323,1089727842
817,851,1089728220
255,592,1089730868
255,876,1089730898
91,734,1089730911
51,830,1089731135
529,96,1089731205
634,362,1089731653
318,839,1089731706
318,558,1089731716
512,126,1089732085
592,292,1089732723
592,540,1089732739
592,875,1089732760
592,99,1089732817
592,880,1089732858
592,220,1089732881
592,45,1089732907
432,873,1089738625
432,782,1089738663
432,876,1089738738
432,101,1089738798
432,102,1089738854
578,881,1089739650
39,77,1089741278
39,628,1089741341
39,323,1089741456
39,248,1089741481
39,703,1089741502
39,370,1089741526
39,555,1089741588
39,78,1089741599
39,231,1089741632
39,242,1089741650
39,517,1089741671
39,129,1089741687
47,729,1089741760
244,230,1089742843
105,763,1089744460
735,507,1089746501
645,81,1089747293
645,184,1089747443
645,521,1089747506
287,357,1089748549
743,362,1089748628
743,99,1089748652
422,829,1089749559
637,829,1089753199
838,178,1089753210
637,362,1089753249
347,556,1089754969
809,418,1089755300
803,96,1089756418
231,777,1089757499
274,96,1089758346
739,224,1089759110
91,154,1089759191
739,224,1089759880
375,107,1089760417
739,224,1089760740
739,224,1089761034
870,734,1089761058
173,759,1089761344
164,323,1089761527
164,99,1089761573
509,545,1089761601
164,320,1089761671
142,874,1089762042
813,703,1089762335
813,370,1089762372
141,545,1089762807
351,62,1089764108
395,734,1089764175
351,637,1089764637
556,90,1089765328
92,357,1089765380
62,292,1089765401
92,357,1089765573
421,437,1089765815
91,734,1089767597
844,881,1089768266
637,437,1089768832
50,154,1089769098
141,437,1089769202
18,96,1089769217
842,701,1089769369
842,854,1089769525
231,881,1089769595
813,379,1089771801
345,701,1089772964
624,701,1089773751
18,96,1089775507
871,81,1089775716
871,484,1089775864
346,854,1089776290
216,874,1089777776
274,96,1089777997
274,96,1089778470
395,734,1089781439
395,858,1089781467
395,389,1089781496
539,597,1089781698
83,186,1089782721
83,738,1089782947
268,729,1089782957
268,729,1089782986
725,830,1089783065
83,33,1089783102
268,776,1089783218
268,706,1089783308
494,104,1089784267
494,782,1089784332
494,61,1089784375
494,736,1089784462
295,234,1089785101
367,224,1089785156
582,851,1089785329
394,389,1089785714
747,220,1089789190
60,600,1089793159
705,760,1089793320
705,751,1089793340
705,106,1089793372
705,52,1089793444
531,320,1089793913
18,96,1089795792
90,867,1089797789
193,559,1089807823
891,106,1089808270
870,734,1089811769
870,706,1089811810
192,545,1089813841
383,507,1089817800
99,855,1089817888
742,261,1089821830
194,734,1089823321
336,84,1089828171
813,356,1089828363
336,394,1089828388
283,38,1089829856
142,874,1089829871
142,782,1089829894
578,881,1089830070
578,830,1089830206
578,830,1089830248
283,184,1089830585
3,662,1089835194
3,90,1089835323
3,490,1089835441
3,558,1089835466
3,545,1089835674
64,52,1089835872
247,290,1089836190
247,515,1089836363
18,96,1089837767
62,759,1089838138
39,323,1089838861
39,703,1089838953
39,370,1089838973
39,437,1089839005
39,356,1089839080
39,389,1089839177
384,224,1089839878
197,106,1089840138
59,227,1089840372
274,96,1089840511
59,221,1089840540
59,757,1089840589
274,96,1089840993
274,261,1089841044
247,417,1089841158
531,320,1089841238
247,763,1089841240
538,490,1089841249
538,662,1089841309
525,394,1089841827
556,90,1089842495
797,386,1089845043
797,703,1089845166
421,557,1089849964
870,789,1089851668
870,734,1089851715
870,557,1089851776
91,290,1089852145
124,389,1089852380
871,417,1089852453
336,394,1089853193
274,557,1089853311
336,59,1089853481
395,386,1089854105
395,867,1089854135
395,734,1089854172
135,362,1089854495
29,443,1089855253
296,498,1089855529
376,876,1089855744
91,734,1089856105
805,282,1089856195
805,851,1089856275
489,182,1089857503
525,394,1089857933
126,897,1089858087
126,104,1089858472
126,104,1089858520
489,296,1089858794
141,295,1089860516
538,296,1089862498
870,734,1089863723
637,362,1089865958
637,498,1089868439
637,443,1089868661
637,703,1089868896
637,518,1089869008
164,323,1089870039
164,320,1089870128
443,386,1089871079
816,370,1089872127
18,96,1089873118
18,96,1089873257
18,897,1089873858
18,867,1089873979
274,96,1089874955
274,96,1089875236
274,96,1089875308
274,96,1089875459
346,184,1089875906
346,897,1089876133
346,443,1089876357
756,592,1089879898
531,320,1089886621
803,96,1089900276
742,261,1089901203
637,443,1089902509
405,417,1089903207
405,437,1089903237
405,590,1089903290
405,530,1089903447
405,737,1089903570
283,184,1089904509
283,221,1089904535
83,874,1089905052
83,734,1089905375
274,261,1089908834
619,853,1089911669
745,69,1089912494
359,97,1089913525
205,417,1089913636
345,290,1089915404
64,737,1089915641
18,96,1089916078
229,435,1089917934
421,557,1089918159
421,394,1089918228
559,244,1089919629
137,545,1089921808
137,851,1089921972
813,370,1089926004
274,96,1089926988
498,637,1089929223
699,442,1089933878
870,734,1089934302
699,747,1089934632
65,293,1089935996
686,734,1089942405
686,96,1089942913
686,389,1089943047
686,388,1089943296
686,388,1089943400
238,75,1089943811
238,729,1089944062
62,734,1089945481
709,874,1089948569
274,96,1089949125
274,96,1089952245
18,96,1089952525
443,389,1089952735
18,96,1089952853
628,502,1089953180
346,443,1089953204
274,96,1089953209
83,734,1089955389
83,734,1089955563
822,389,1089956102
871,417,1089956276
18,96,1089956302
637,443,1089958530
30,126,1089959348
753,236,1089961446
861,558,1089961740
861,759,1089962212
237,83,1089962580
237,252,1089962589
531,75,1089963607
861,644,1089963920
645,644,1089983641
405,417,1089984542
9,759,1089988288
292,482,1089988608
91,290,1089992508
274,96,1089992934
873,482,1089994478
873,589,1089994612
873,706,1089994949
62,644,1089995605
871,417,1089997491
522,388,1089997916
18,96,1089999418
194,734,1090001123
424,737,1090001464
733,394,1090006657
367,443,1090006879
752,788,1090008579
752,559,1090008782
90,734,1090010300
29,443,1090011246
134,870,1090016578
134,627,1090016627
405,102,1090017473
405,102,1090017625
367,443,1090032814
870,557,1090036502
870,706,1090036519
153,627,1090036906
346,443,1090041250
346,644,1090041277
285,627,1090041410
268,729,1090041492
435,762,1090042266
435,545,1090042916
443,734,1090044402
401,481,1090046864
531,762,1090054409
531,870,1090054527
633,357,1090055694
582,240,1090073312
803,96,1090094542
803,96,1090094584
803,236,1090094623
580,282,1090096577
347,556,1090101759
239,857,1090104458
359,126,1090109297
870,293,1090110752
870,878,1090110766
870,240,1090110828
628,672,1090112583
595,830,1090114128
142,874,1090118401
142,294,1090118549
142,830,1090118640
142,389,1090118686
18,96,1090119283
18,96,1090119379
298,294,1090121094
298,830,1090121161
243,293,1090121891
347,556,1090128171
727,637,1090131854
727,81,1090132397
733,31,1090133798
861,418,1090134090
861,418,1090134660
870,437,1090135197
861,197,1090136097
861,895,1090136413
173,290,1090136430
173,759,1090136726
637,672,1090147684
637,437,1090147714
805,282,1090173854
805,851,1090173876
805,370,1090173916
805,370,1090173929
39,323,1090175504
39,370,1090175563
93,270,1090177185
93,290,1090177397
93,290,1090177433
574,691,1090177770
72,593,1090178048
72,222,1090178079
619,895,1090182974
813,370,1090183109
92,357,1090185075
39,370,1090191447
264,360,1090191883
709,739,1090192693
709,595,1090192777
709,690,1090192792
582,895,1090195751
582,851,1090195806
582,240,1090195847
375,590,1090200423
268,729,1090201253
192,545,1090202987
384,2,1090203178
30,126,1090204215
794,257,1090205966
794,572,1090206192
336,357,1090207325
47,2,1090208533
865,593,1090209847
276,236,1090211399
397,672,1090212105
137,851,1090213178
510,320,1090213188
368,881,1090214137
494,391,1090216051
777,522,1090222845
777,293,1090223049
737,238,1090224571
813,370,1090242742
395,386,1090243779
742,257,1090243818
395,734,1090243923
395,442,1090244093
395,443,1090244119
9,437,1090248738
9,759,1090248887
9,706,1090248927
405,437,1090249782
405,590,1090249863
822,558,1090254011
822,389,1090254035
787,615,1090256693
619,895,1090259389
619,357,1090259528
634,362,1090260183
846,477,1090260746
346,443,1090261015
164,895,1090262216
164,320,1090262245
619,895,1090264986
777,593,1090266600
134,895,1090266946
205,615,1090267086
64,391,1090269593
64,887,1090269650
509,593,1090273242
677,538,1090273684
435,240,1090274142
173,759,1090274360
173,389,1090274413
435,636,1090275005
55,284,1090275064
578,590,1090275114
435,852,1090275124
55,389,1090275622
797,390,1090278236
797,390,1090278276
243,887,1090278849
231,452,1090279638
231,308,1090279649
619,895,1090279754
173,389,1090280102
93,290,1090280558
735,389,1090283512
9,437,1090283888
9,290,1090283944
367,483,1090284348
705,40,1090285747
435,759,1090286250
435,759,1090286305
279,182,1090287070
383,222,1090287478
216,874,1090288449
216,738,1090288496
870,636,1090288887
435,222,1090288896
762,373,1090290344
762,424,1090290398
173,437,1090291748
173,290,1090291807
296,498,1090295171
397,672,1090295294
142,443,1090295603
142,389,1090295621
142,294,1090295675
443,734,1090297566
805,851,1090297737
394,389,1090299353
367,443,1090299891
686,96,1090300708
173,389,1090300793
686,734,1090301239
394,389,1090301969
93,290,1090302278
164,99,1090302544
373,236,1090303878
121,226,1090304111
121,421,1090304233
443,734,1090309000
443,734,1090309021
36,94,1090311131
881,226,1090317432
881,226,1090317457
881,421,1090317491
531,595,1090317844
345,498,1090326472
603,493,1090338683
9,437,1090338685
9,759,1090338742
9,290,1090338795
603,448,1090338827
194,389,1090338969
220,394,1090339755
220,394,1090339846
93,290,1090343184
117,394,1090345047
367,444,1090347451
870,789,1090348552
870,734,1090348572
336,394,1090348618
39,373,1090348934
39,370,1090348963
102,789,1090348983
39,437,1090348986
62,734,1090349651
62,759,1090349682
62,443,1090349744
62,498,1090349849
625,150,1090350843
56,389,1090354165
56,493,1090354211
85,294,1090354893
613,370,1090355251
582,389,1090355940
582,851,1090356045
382,132,1090356320
525,394,1090357219
367,443,1090360328
375,150,1090363419
870,734,1090365797
9,222,1090367307
383,222,1090367620
752,284,1090368899
733,394,1090369401
279,713,1090371330
360,572,1090371536
834,389,1090373254
50,294,1090373494
489,182,1090373523
797,437,1090374435
395,734,1090378366
870,734,1090380588
637,437,1090382115
637,498,1090382373
394,389,1090383585
31,557,1090384677
193,559,1090385156
548,257,1090386541
153,518,1090387030
83,739,1090387216
861,62,1090388600
861,492,1090390699
173,448,1090390815
47,729,1090392271
447,357,1090393495
870,423,1090393560
220,394,1090395466
141,545,1090398387
141,759,1090398823
57,292,1090400295
57,292,1090400318
93,123,1090414723
93,120,1090414737
742,598,1090415431
91,734,1090416572
91,734,1090416597
91,734,1090416621
91,734,1090416635
91,734,1090416650
91,444,1090416771
9,133,1090420062
9,437,1090420078
9,251,1090420133
9,759,1090420187
435,222,1090420302
264,31,1090421553
192,545,1090424241
283,705,1090425002
803,197,1090425096
803,96,1090425225
803,595,1090425249
803,595,1090425279
57,742,1090425933
247,290,1090426770
220,632,1090427431
861,197,1090432544
62,292,1090433179
62,498,1090433326
62,510,1090433373
62,437,1090433452
803,197,1090433475
92,357,1090433655
539,759,1090435524
345,133,1090436581
50,444,1090437631
686,96,1090437696
803,96,1090439032
336,394,1090440093
336,357,1090440265
686,96,1090440476
686,94,1090440520
709,636,1090440712
709,739,1090440784
363,767,1090440909
803,96,1090442056
803,96,1090442075
313,732,1090442322
313,598,1090442337
313,598,1090442360
313,421,1090442385
313,433,1090442477
313,186,1090442507
313,736,1090442529
313,53,1090442565
313,294,1090442600
313,730,1090442723
313,245,1090442753
313,105,1090442784
313,443,1090442814
313,150,1090442834
313,596,1090442847
285,788,1090443251
285,546,1090443302
752,788,1090443371
9,759,1090443520
752,843,1090443842
752,789,1090444009
752,789,1090444055
564,830,1090444456
194,421,1090445555
420,394,1090446705
178,743,1090449588
624,851,1090449760
624,883,1090449792
345,546,1090453428
435,244,1090454132
318,389,1090456367
392,869,1090456405
392,157,1090456422
443,386,1090458219
321,100,1090458763
321,100,1090458789
435,869,1090462626
18,96,1090463423
102,869,1090463569
392,869,1090465172
102,869,1090465410
102,869,1090465444
392,869,1090465755
654,869,1090466367
654,641,1090466703
392,869,1090466928
705,434,1090467053
705,258,1090467092
725,387,1090467292
725,830,1090467522
102,869,1090467687
102,869,1090467869
383,293,1090468907
216,739,1090469088
276,497,1090469985
190,389,1090470787
200,362,1090471454
98,389,1090471710
628,672,1090472103
628,672,1090472111
367,443,1090472121
367,444,1090472298
367,546,1090472381
510,99,1090472387
709,739,1090472937
83,53,1090474160
268,729,1090474562
392,869,1090474973
39,369,1090475186
39,370,1090475216
47,128,1090475324
594,370,1090475406
47,729,1090475653
594,786,1090476313
164,99,1090476837
346,240,1090477028
346,294,1090477097
631,389,1090477160
346,258,1090477240
582,851,1090477897
531,320,1090477961
582,851,1090477975
39,370,1090478047
582,389,1090478092
39,437,1090478095
39,632,1090478153
39,206,1090478224
39,371,1090478253
531,362,1090478274
872,99,1090478633
609,107,1090479485
861,387,1090483492
871,91,1090483970
871,484,1090484014
871,392,1090484049
533,572,1090484697
533,181,1090484825
533,222,1090485077
635,181,1090485209
861,759,1090485975
187,150,1090489096
29,443,1090493513
90,737,1090498519
90,734,1090498645
93,290,1090505759
392,389,1090507962
9,107,1090509531
255,365,1090513864
603,288,1090514547
367,443,1090514694
745,387,1090514996
538,546,1090517725
654,869,1090519483
435,222,1090519513
247,290,1090521078
91,290,1090521634
106,388,1090521845
135,362,1090523409
135,510,1090523461
135,572,1090523548
135,748,1090523609
135,258,1090523634
135,91,1090523660
283,387,1090525583
283,387,1090525595
752,60,1090527213
19,787,1090527587
347,641,1090529652
422,437,1090530195
510,99,1090530227
510,320,1090530278
422,258,1090530293
510,362,1090530487
65,843,1090533303
719,541,1090538252
645,895,1090539499
645,521,1090539572
531,320,1090540440
870,240,1090541194
870,843,1090541231
318,389,1090542947
102,869,1090546126
637,437,1090546517
384,869,1090547232
173,759,1090547487
173,290,1090547656
483,287,1090547693
102,869,1090547951
533,222,1090550496
533,181,1090550780
695,392,1090551029
695,392,1090551060
3,662,1090551081
3,490,1090551125
686,392,1090551772
891,60,1090552416
539,105,1090553658
538,490,1090554663
538,662,1090554719
745,387,1090557438
601,127,1090559352
601,732,1090559390
601,732,1090559404
725,830,1090559680
856,442,1090560161
9,437,1090560884
346,521,1090562150
346,258,1090562215
194,389,1090564465
57,292,1090565038
190,389,1090565180
190,284,1090565308
190,284,1090565324
98,392,1090566311
238,75,1090585329
238,729,1090585607
803,732,1090587834
803,96,1090588515
803,672,1090588857
742,546,1090590485
742,261,1090590580
742,261,1090590684
742,703,1090591061
268,729,1090591287
742,428,1090591799
383,703,1090599599
634,484,1090603735
47,729,1090603874
62,292,1090605507
62,759,1090605581
345,387,1090607180
345,290,1090607337
9,703,1090607667
285,546,1090608325
285,598,1090608413
538,546,1090613781
752,789,1090615380
752,559,1090615475
351,62,1090615633
752,843,1090618720
752,182,1090619402
57,292,1090619767
383,546,1090621173
384,703,1090621386
62,292,1090621486
164,99,1090622293
164,320,1090622384
164,323,1090622442
494,104,1090627832
806,759,1090631110
498,492,1090633730
259,725,1090635135
394,725,1090637017
806,392,1090642745
628,672,1090645852
346,546,1090646017
805,492,1090646214
890,709,1090646469
435,759,1090649903
435,762,1090649923
802,437,1090659266
863,554,1090661687
627,107,1090671839
62,759,1090683651
285,546,1090689427
285,6,1090689626
285,6,1090689638
645,127,1090689866
645,521,1090689894
538,546,1090691338
164,734,1090697012
91,734,1090699584
91,290,1090699653
164,734,1090707364
141,759,1090708974
806,392,1090709060
216,739,1090711474
802,40,1090711914
870,60,1090717021
278,516,1090719189
383,392,1090721341
489,643,1090721780
367,546,1090724959
825,530,1090726541
825,540,1090726572
825,178,1090726626
825,97,1090726684
825,97,1090726719
861,68,1090726739
861,759,1090727432
861,94,1090727735
861,187,1090728047
861,759,1090728122
861,81,1090728651
435,153,1090729101
274,261,1090729845
861,724,1090730256
538,759,1090730416
567,637,1090731128
567,36,1090731208
274,244,1090731280
567,757,1090731280
579,738,1090732511
579,33,1090732606
579,598,1090732659
274,546,1090733195
861,759,1090733531
274,598,1090733627
285,546,1090733972
285,598,1090734032
285,598,1090734104
83,33,1090734450
173,290,1090736916
806,759,1090737460
392,869,1090738723
392,869,1090738745
871,81,1090739164
705,308,1090740319
635,851,1090745085
39,323,1090749633
870,643,1090766272
870,759,1090766351
495,447,1090769664
164,81,1090771134
164,323,1090771241
268,729,1090771278
164,94,1090771341
216,738,1090773133
255,593,1090775623
255,776,1090775663
383,869,1090776082
383,738,1090776170
634,362,1090776188
283,387,1090776750
200,881,1090776775
392,869,1090782981
392,703,1090783058
435,869,1090783477
709,739,1090786794
739,776,1090791548
405,530,1090791610
489,290,1090793438
367,522,1090794299
392,869,1090794309
345,290,1090794339
813,703,1090796117
383,703,1090800362
489,290,1090801418
173,290,1090801881
865,593,1090803099
592,292,1090803416
62,292,1090803987
592,78,1090804119
592,540,1090804138
592,292,1090804160
592,61,1090804175
592,133,1090804192
592,45,1090804213
592,491,1090804234
592,543,1090804285
592,874,1090804301
592,437,1090804391
592,239,1090804432
592,632,1090804446
395,433,1090804659
592,881,1090804681
395,429,1090804684
395,386,1090804711
592,182,1090804714
592,53,1090804752
592,38,1090804784
395,734,1090804812
395,290,1090804916
592,220,1090804946
592,373,1090804970
592,222,1090805186
592,372,1090805201
592,51,1090805231
592,349,1090805248
592,870,1090805297
592,329,1090805452
592,735,1090805531
592,590,1090805676
592,356,1090805686
592,517,1090805747
592,179,1090805762
592,4,1090805790
592,851,1090805838
592,242,1090805857
592,241,1090806266
592,776,1090806318
592,127,1090806351
592,484,1090806378
592,260,1090806389
592,206,1090806422
592,81,1090806443
592,388,1090806454
592,60,1090806466
538,546,1090806471
592,230,1090806481
592,2,1090806506
592,736,1090806519
592,585,1090806548
592,101,1090806587
592,556,1090806621
592,627,1090806680
592,790,1090806704
592,502,1090806714
592,546,1090806741
592,854,1090806750
592,644,1090806801
592,105,1090806838
592,178,1090806915
592,389,1090806983
592,829,1090806999
592,187,1090807018
592,126,1090807098
592,431,1090807121
592,777,1090807141
592,258,1090807156
592,183,1090807171
592,673,1090807209
592,415,1090807252
592,324,1090807298
744,153,1090807436
870,734,1090807684
602,240,1090807986
489,290,1090807987
602,96,1090807997
602,737,1090808048
602,99,1090808339
85,294,1090810315
85,68,1090810899
85,68,1090810911
185,126,1090811183
85,290,1090811669
59,329,1090814734
164,738,1090816286
383,738,1090816762
510,362,1090817173
392,703,1090817472
298,294,1090817506
725,734,1090818028
9,133,1090818070
9,530,1090818170
18,96,1090818866
686,96,1090819560
686,96,1090820161
686,96,1090820535
383,703,1090820769
435,222,1090820787
435,153,1090820817
686,94,1090821300
686,94,1090821347
871,644,1090821535
686,49,1090821685
346,4,1090822222
346,546,1090822607
579,738,1090824037
83,738,1090824186
9,759,1090824200
9,703,1090824236
579,738,1090824806
579,33,1090824865
579,598,1090824909
435,759,1090827127
861,644,1090832372
861,759,1090833643
555,257,1090834506
861,68,1090835093
93,290,1090835208
861,853,1090836192
861,94,1090837823
861,81,1090838452
384,546,1090846966
279,182,1090849815
333,386,1090852777
742,703,1090853002
742,546,1090853121
742,261,1090853309
221,544,1090853981
424,522,1090854798
47,729,1090854944
383,738,1090854964
47,776,1090855085
47,2,1090855930
62,644,1090862799
62,437,1090862864
62,4,1090863042
62,45,1090863150
405,590,1090864937
405,776,1090865184
515,221,1090865660
421,359,1090866259
93,222,1090866617
93,507,1090866714
93,435,1090866730
93,510,1090866762
93,133,1090866784
93,376,1090866808
93,627,1090866965
93,839,1090866993
93,437,1090867007
93,154,1090867020
93,782,1090867038
93,295,1090867059
93,92,1090867079
93,594,1090867102
93,543,1090867133
93,394,1090867164
93,4,1090867180
93,60,1090867195
93,371,1090867221
93,484,1090867235
93,197,1090867257
93,187,1090867273
93,102,1090867308
93,183,1090867329
93,759,1090867350
93,703,1090867383
93,389,1090867401
93,152,1090867433
93,107,1090867455
93,636,1090867532
93,585,1090867548
93,870,1090867571
367,522,1090868468
367,522,1090868555
367,92,1090868616
742,703,1090869545
135,362,1090870196
9,376,1090870435
9,782,1090870458
135,673,1090870461
9,703,1090870637
9,107,1090870675
9,290,1090870777
405,102,1090871498
405,133,1090871697
742,703,1090874696
538,759,1090874866
538,543,1090874891
285,394,1090875424
121,421,1090876826
47,776,1090876889
93,133,1090876896
47,69,1090876941
121,734,1090876946
93,376,1090876977
93,782,1090877001
121,226,1090877026
93,92,1090877058
93,543,1090877103
121,424,1090877111
93,394,1090877132
93,102,1090877191
93,759,1090877212
93,703,1090877284
93,107,1090877341
93,290,1090877502
813,703,1090878110
744,153,1090878868
744,153,1090879049
194,734,1090880417
510,362,1090881876
91,154,1090882090
91,290,1090882476
91,290,1090882538
62,759,1090882761
9,782,1090882969
383,782,1090883282
383,703,1090883577
538,759,1090884178
538,543,1090884239
457,517,1090884587
383,183,1090886040
347,556,1090886046
347,389,1090886105
9,703,1090886537
9,290,1090886616
285,546,1090886899
285,788,1090887132
18,96,1090887522
19,221,1090887824
200,362,1090888322
562,70,1090888530
870,60,1090889444
50,154,1090892970
891,60,1090893262
392,869,1090896073
392,556,1090896116
489,182,1090896352
420,94,1090896392
489,290,1090896737
307,558,1090899115
307,558,1090899142
307,105,1090899407
307,543,1090899451
435,869,1090899603
62,759,1090899981
62,183,1090900190
102,869,1090900512
395,480,1090900886
395,790,1090900964
579,738,1090901338
602,96,1090901480
395,386,1090901522
405,102,1090901563
395,388,1090901659
194,105,1090901707
392,869,1090902070
392,92,1090902148
392,92,1090902165
392,703,1090902226
18,96,1090902870
397,853,1090903685
9,790,1090904328
9,703,1090904393
83,738,1090904413
307,105,1090904654
307,238,1090904759
601,521,1090905961
346,4,1090906044
346,544,1090906132
346,546,1090906624
83,734,1090906847
538,543,1090907805
392,869,1090910815
861,759,1090912955
93,154,1090916187
93,782,1090916220
93,290,1090916334
93,703,1090916403
93,92,1090916464
93,543,1090916534
93,4,1090916565
93,60,1090916596
93,389,1090916613
93,759,1090916650
93,183,1090916672
93,102,1090916726
762,373,1090916975
762,444,1090917062
762,424,1090917156
194,105,1090917513
881,226,1090921776
531,55,1090924383
531,320,1090924440
333,386,1090930998
742,703,1090932163
803,96,1090940607
803,183,1090941299
891,247,1090941754
891,560,1090941818
9,759,1090942530
9,703,1090942580
538,759,1090943376
93,863,1090944255
93,183,1090944287
93,703,1090944344
93,759,1090944381
868,442,1090944552
567,81,1090944651
567,81,1090944673
405,319,1090947302
285,543,1090947492
93,543,1090947552
345,156,1090947564
405,102,1090947819
205,229,1090949184
383,782,1090950216
383,738,1090950296
383,450,1090950558
93,102,1090950912
93,782,1090951012
579,355,1090954402
579,260,1090954436
579,264,1090954669
579,759,1090954745
579,730,1090954901
634,415,1090955299
405,102,1090955676
787,615,1090955929
93,759,1090957945
93,102,1090957982
47,495,1090958258
39,323,1090959031
39,632,1090959225
39,206,1090959322
39,78,1090959342
39,127,1090959370
56,94,1090959728
870,734,1090959749
52,100,1090960695
9,81,1090960730
9,759,1090960826
9,703,1090960862
538,759,1090961170
538,264,1090961189
173,442,1090961263
173,290,1090961872
686,94,1090962595
686,544,1090962750
858,31,1090963935
394,782,1090966272
870,265,1090967346
870,759,1090967420
62,759,1090967836
345,31,1090970692
538,759,1090971765
268,729,1090973196
268,776,1090973333
268,706,1090973512
18,708,1090973700
18,96,1090973952
405,776,1090974574
3,759,1090976964
9,759,1090977031
3,224,1090977034
360,264,1090978423
538,759,1090978521
538,759,1090978525
538,264,1090978566
91,686,1090978881
91,727,1090978897
91,542,1090978933
91,444,1090978952
93,782,1090979042
91,290,1090979091
93,759,1090979176
93,703,1090979222
93,290,1090979370
400,96,1090979525
833,445,1090979721
833,643,1090979732
538,759,1090980150
400,260,1090980600
50,444,1090980686
50,154,1090980810
400,741,1090980836
400,242,1090981086
375,590,1090982324
870,706,1090982780
870,878,1090983022
870,788,1090983055
216,739,1090983217
529,96,1090983826
383,782,1090987505
383,224,1090987625
686,96,1090988068
861,295,1090988363
62,759,1090988371
861,759,1090988612
861,187,1090988699
861,94,1090988872
62,759,1090988982
205,615,1090989120
861,759,1090989129
861,521,1090989844
9,759,1090989880
9,703,1090989915
803,96,1090989923
861,252,1090989944
861,881,1090990086
861,759,1090991096
861,183,1090991223
394,782,1090991549
541,706,1090993941
443,706,1090994656
341,479,1090994948
83,355,1090997442
83,730,1090997524
141,476,1090998174
141,295,1090998220
141,92,1090998295
141,617,1090998317
141,178,1090998437
141,97,1090998522
363,446,1090998685
655,853,1091001013
619,853,1091002611
39,46,1091018294
742,703,1091020667
243,308,1091022949
91,154,1091023306
91,290,1091023378
9,703,1091029726
538,759,1091032096
548,257,1091032882
548,156,1091032928
619,389,1091034757
510,362,1091038522
871,780,1091039090
392,869,1091043493
742,703,1091045781
98,853,1091052334
313,732,1091053565
313,598,1091053647
313,421,1091053757
313,150,1091053781
313,596,1091053915
313,736,1091053981
313,105,1091054066
435,759,1091056028
49,247,1091057794
62,759,1091059373
285,598,1091059388
285,546,1091059415
202,448,1091059456
285,788,1091059462
285,512,1091059480
813,370,1091059488
56,94,1091061277
383,782,1091061965
400,96,1091061978
383,556,1091062623
383,556,1091062701
132,107,1091063069
9,512,1091063133
538,546,1091065290
538,759,1091065302
392,556,1091066628
90,737,1091069369
90,749,1091069427
871,81,1091069470
871,389,1091069534
90,737,1091069541
392,389,1091070849
367,224,1091071096
861,759,1091072364
634,362,1091072455
698,153,1091072610
383,556,1091073178
870,183,1091073257
861,295,1091073927
709,739,1091074401
345,183,1091074464
151,855,1091074623
733,394,1091074791
538,759,1091075375
233,709,1091076283
787,615,1091076315
233,83,1091076408
216,739,1091076596
435,759,1091076718
326,446,1091077023
579,739,1091079604
579,596,1091079715
579,759,1091079857
141,295,1091080041
744,153,1091081321
686,94,1091083312
686,389,1091083418
443,157,1091085146
173,448,1091086791
173,183,1091086822
164,362,1091100353
164,81,1091100474
164,323,1091100499
164,320,1091100654
395,442,1091109617
627,673,1091110692
872,323,1091110996
216,739,1091114614
496,227,1091115383
634,362,1091115576
264,31,1091116225
562,391,1091116790
562,880,1091116955
562,870,1091116997
337,260,1091119002
337,737,1091119060
861,759,1091119741
247,515,1091120541
422,258,1091121554
422,437,1091121729
422,594,1091121837
280,504,1091121853
422,880,1091121928
422,589,1091122138
803,737,1091122219
422,829,1091122324
173,759,1091123605
392,157,1091123763
31,868,1091123971
392,869,1091124346
9,437,1091125583
367,157,1091125626
9,880,1091125661
367,546,1091126051
367,546,1091126150
135,362,1091127251
742,546,1091127339
135,442,1091127358
135,782,1091127406
135,58,1091127437
742,452,1091127458
538,546,1091127579
141,585,1091128671
205,615,1091128921
205,880,1091129005
383,157,1091129518
803,362,1091129854
742,546,1091131443
92,373,1091131512
742,261,1091131517
92,596,1091131536
62,183,1091134826
47,157,1091134850
538,546,1091135729
384,157,1091136789
510,320,1091138144
510,362,1091138322
872,880,1091138724
531,880,1091139426
531,595,1091139557
531,75,1091139613
871,81,1091139866
419,448,1091140226
803,595,1091140825
861,759,1091143324
618,102,1091143546
803,595,1091145593
173,759,1091146640
62,759,1091147944
395,442,1091149470
812,126,1091150457
448,450,1091151329
448,450,1091151357
448,450,1091151419
93,437,1091152266
93,154,1091152309
93,782,1091152347
93,92,1091152417
93,594,1091152471
93,394,1091152499
93,290,1091152525
93,870,1091152549
93,585,1091152571
93,107,1091152600
47,450,1091152742
93,759,1091152864
93,183,1091152922
93,187,1091152979
93,102,1091153024
93,671,1091153138
9,437,1091153141
93,437,1091153249
173,671,1091153251
93,671,1091153271
173,671,1091153311
93,671,1091153387
173,437,1091153715
173,437,1091154032
173,895,1091154397
93,437,1091154608
56,389,1091154709
698,153,1091154758
93,349,1091155066
93,517,1091155142
9,437,1091157959
173,437,1091158029
93,437,1091158192
579,598,1091158514
579,759,1091158585
93,759,1091159023
346,546,1091159875
83,598,1091159897
9,437,1091160040
93,437,1091160313
129,70,1091162035
93,40,1091162576
435,153,1091162719
93,597,1091162774
93,512,1091162827
93,251,1091162892
62,759,1091162927
93,52,1091162935
698,153,1091163027
93,706,1091163032
93,759,1091163187
616,593,1091163544
220,394,1091164067
93,394,1091164274
62,759,1091164422
93,759,1091164528
93,127,1091164586
432,873,1091164758
744,153,1091164915
698,153,1091165202
744,153,1091165472
9,873,1091167002
93,881,1091167065
538,546,1091167716
285,546,1091167848
134,593,1091169289
134,881,1091169353
134,870,1091169394
686,389,1091169659
538,546,1091170016
709,739,1091175003
709,357,1091175841
861,724,1091176992
861,759,1091178834
93,870,1091179028
93,389,1091179151
93,759,1091179273
592,78,1091190277
592,133,1091190306
592,437,1091190334
592,870,1091190382
592,632,1091190439
742,598,1091194588
742,222,1091198490
742,883,1091198700
742,883,1091198706
745,538,1091204677
192,92,1091207830
395,388,1091208078
395,734,1091208109
93,92,1091209091
93,222,1091209271
93,437,1091209376
93,870,1091209518
62,437,1091210237
93,133,1091211285
93,437,1091211715
645,780,1091212910
146,725,1091218955
83,598,1091220436
803,897,1091224241
803,863,1091224365
9,133,1091224749
9,437,1091224773
9,222,1091224790
9,376,1091224818
9,224,1091224848
9,530,1091224882
9,597,1091224912
62,437,1091224913
93,863,1091224919
93,133,1091224933
9,437,1091224950
62,376,1091224959
9,133,1091224966
93,133,1091224984
9,376,1091224991
9,133,1091225003
9,512,1091225016
9,876,1091225044
9,395,1091225069
9,627,1091225098
9,703,1091225112
93,437,1091225118
9,870,1091225130
9,437,1091225152
93,133,1091225178
62,437,1091225188
93,437,1091225198
9,880,1091225198
9,133,1091225214
62,395,1091225232
9,437,1091225233
9,395,1091225289
62,437,1091225300
9,290,1091225317
62,395,1091225327
9,437,1091225338
9,395,1091225385
62,437,1091225417
9,431,1091225452
173,437,1091225487
9,437,1091225490
9,437,1091225505
9,437,1091225535
12,229,1091225576
62,437,1091225606
9,437,1091225678
62,437,1091225737
9,107,1091225766
9,437,1091225815
12,857,1091225942
62,437,1091225968
12,99,1091226033
9,437,1091226039
9,287,1091226082
62,437,1091226285
93,290,1091226533
285,512,1091226600
93,512,1091227105
337,395,1091228888
9,512,1091229163
9,395,1091229191
9,290,1091229229
383,222,1091229590
383,703,1091229624
9,703,1091229821
618,442,1091230642
93,222,1091232887
93,512,1091232902
93,703,1091232938
93,290,1091232957
448,450,1091234020
285,296,1091236339
64,391,1091237912
579,546,1091247138
579,759,1091247476
579,598,1091247607
93,759,1091249814
846,476,1091250029
861,895,1091250037
846,617,1091250067
861,187,1091250192
861,759,1091250285
861,52,1091251034
285,598,1091252866
18,96,1091253438
50,154,1091254109
93,52,1091255513
93,759,1091255606
93,154,1091255660
93,187,1091255761
83,759,1091258058
579,759,1091258115
83,759,1091258230
579,759,1091258638
83,759,1091258727
134,857,1091259556
803,96,1091260517
861,362,1091261426
861,52,1091261603
861,662,1091261997
394,725,1091263710
721,247,1091285122
279,428,1091290950
538,662,1091293053
405,102,1091293589
405,417,1091293680
405,530,1091293745
400,543,1091294082
384,222,1091295795
93,222,1091296950
93,543,1091297000
93,102,1091297101
93,759,1091297183
93,52,1091297260
871,417,1091298820
394,388,1091299787
322,363,1091306034
205,417,1091306196
205,229,1091306237
196,705,1091307570
255,46,1091311493
12,229,1091312140
870,290,1091316463
870,627,1091316619
