93,290,1091319690
93,627,1091319712
185,126,1091320198
283,538,1091320493
285,546,1091321591
18,96,1091322603
803,96,1091325955
489,643,1091326710
616,593,1091328504
367,224,1091329211
367,546,1091329435
861,52,1091329693
861,662,1091329753
861,662,1091329785
861,546,1091329906
400,96,1091331997
400,543,1091332045
777,265,1091332082
400,40,1091332177
777,264,1091332186
538,264,1091332957
538,662,1091333417
538,546,1091333438
367,546,1091334101
392,869,1091334320
803,96,1091335043
803,96,1091335058
285,546,1091335257
18,96,1091335876
803,96,1091336509
803,96,1091336730
579,759,1091336776
18,96,1091336851
4,492,1091336968
18,96,1091337058
4,222,1091337113
18,96,1091338261
18,96,1091338375
494,757,1091339223
83,759,1091339870
806,759,1091340120
871,417,1091340300
803,96,1091340489
803,96,1091340514
803,96,1091340558
803,96,1091340633
803,96,1091340728
18,96,1091341755
515,221,1091342982
515,443,1091343023
515,360,1091343068
72,491,1091348527
72,423,1091348566
72,706,1091348661
72,319,1091348678
72,431,1091348707
72,627,1091348791
72,390,1091348840
671,261,1091354564
93,222,1091354747
93,40,1091354787
93,543,1091354813
93,627,1091354835
93,759,1091354871
93,52,1091354923
93,706,1091354961
870,423,1091375539
870,643,1091375598
62,759,1091376595
62,376,1091376628
489,643,1091376879
205,417,1091377607
400,96,1091378419
93,376,1091378523
93,759,1091378586
395,442,1091379323
239,417,1091379525
91,290,1091379960
752,60,1091380046
752,60,1091380063
752,60,1091380074
871,229,1091385836
624,883,1091385920
18,96,1091386100
443,734,1091388340
60,329,1091389707
243,290,1091389989
752,788,1091390463
752,154,1091390517
18,96,1091391595
18,96,1091391630
18,96,1091391736
18,96,1091391779
18,96,1091391808
9,703,1091391938
9,706,1091391998
395,734,1091392994
395,869,1091393085
395,388,1091393113
12,229,1091395466
443,388,1091395873
443,157,1091395985
443,386,1091396006
347,556,1091396289
861,376,1091396325
347,556,1091396369
861,759,1091396435
383,556,1091396848
435,734,1091398770
686,96,1091399965
686,96,1091400255
686,96,1091400902
686,96,1091401286
529,90,1091401296
529,790,1091401630
686,96,1091401805
9,376,1091402905
9,790,1091402941
62,759,1091404098
655,637,1091406792
18,96,1091407049
93,154,1091407117
93,376,1091407152
93,60,1091407236
93,290,1091407268
93,759,1091407292
93,706,1091407325
93,703,1091407354
287,357,1091407361
9,703,1091407419
287,357,1091407530
9,290,1091407544
62,759,1091407708
62,376,1091408166
870,240,1091408340
420,94,1091409617
53,40,1091410198
762,585,1091410589
400,96,1091412914
392,869,1091413839
141,70,1091414203
141,70,1091414230
141,92,1091414369
395,386,1091416005
395,388,1091416100
395,480,1091416228
243,887,1091416310
871,229,1091417203
525,394,1091417550
813,556,1091418208
813,388,1091418322
686,96,1091418722
141,545,1091418955
686,96,1091419321
686,96,1091419489
637,437,1091419588
216,739,1091419901
62,437,1091421412
92,99,1091422415
92,91,1091422607
39,373,1091423568
39,323,1091423612
39,370,1091423633
579,759,1091426854
394,388,1091428044
861,376,1091429098
861,90,1091429375
188,99,1091432891
806,759,1091450287
803,96,1091453773
742,222,1091455688
742,883,1091455955
742,759,1091456033
742,703,1091456197
742,636,1091457842
742,182,1091457986
742,703,1091458162
510,362,1091458370
538,759,1091460215
742,261,1091460273
384,703,1091462920
742,703,1091466435
443,388,1091466545
742,546,1091467111
394,388,1091467350
742,598,1091467423
806,759,1091468593
1,741,1091468912
538,759,1091469480
392,556,1091469563
93,437,1091469647
93,376,1091469692
93,394,1091469758
93,92,1091469781
93,759,1091469822
93,703,1091469875
93,636,1091469918
93,585,1091469949
93,290,1091469991
387,593,1091470051
345,60,1091470287
345,388,1091470351
783,491,1091470563
783,491,1091470588
742,636,1091472372
578,881,1091472582
346,443,1091475407
637,437,1091476170
62,437,1091476719
395,858,1091479075
4,222,1091481634
367,443,1091481912
422,594,1091485503
422,703,1091485763
655,853,1091486372
384,703,1091486580
135,437,1091486829
135,362,1091486869
141,92,1091487136
141,759,1091487183
383,703,1091487237
383,556,1091487648
733,394,1091487802
93,437,1091487805
93,222,1091487840
93,881,1091487875
93,92,1091487894
93,594,1091487914
383,222,1091487956
93,394,1091487978
93,222,1091488093
93,60,1091488110
93,759,1091488136
93,703,1091488295
93,636,1091488355
62,759,1091488624
62,437,1091488783
345,60,1091489686
384,703,1091490035
384,703,1091490055
383,222,1091490224
383,703,1091490337
383,507,1091490426
18,96,1091491054
18,96,1091491309
870,734,1091491610
93,437,1091492837
93,222,1091492901
93,60,1091492944
93,759,1091492994
93,507,1091493032
93,703,1091493107
383,507,1091493752
383,703,1091493860
860,858,1091493962
93,703,1091493970
93,507,1091494040
93,507,1091494097
383,507,1091494519
243,887,1091498827
274,96,1091498927
686,96,1091499081
274,261,1091499365
739,293,1091499751
739,878,1091500319
739,878,1091500371
274,775,1091500384
739,878,1091500414
739,878,1091500520
633,357,1091501158
18,96,1091501423
83,759,1091502380
739,99,1091502623
83,734,1091502720
9,703,1091502757
739,99,1091503326
93,703,1091503783
93,507,1091503864
93,759,1091503889
185,734,1091504554
9,507,1091504782
9,703,1091504805
652,81,1091505544
652,787,1091505707
700,734,1091505848
9,81,1091505870
336,357,1091506398
652,81,1091506530
336,394,1091506542
9,81,1091506975
9,133,1091506993
9,437,1091507033
9,376,1091507070
62,437,1091508047
367,224,1091509135
336,874,1091510636
336,96,1091510705
336,96,1091510836
488,90,1091511332
336,523,1091511536
579,759,1091511601
93,376,1091511928
93,759,1091511971
93,703,1091511998
93,507,1091512015
93,437,1091512073
93,133,1091512089
336,737,1091512130
93,394,1091512135
135,442,1091512358
336,102,1091512431
336,759,1091512552
336,264,1091512753
336,868,1091512807
367,357,1091513047
62,437,1091513912
141,92,1091514906
141,759,1091515001
538,759,1091515376
538,264,1091515414
93,437,1091515996
93,92,1091516060
93,102,1091516156
93,759,1091516206
424,522,1091516628
62,437,1091517278
194,734,1091517471
62,734,1091517597
62,759,1091517643
93,759,1091517772
93,437,1091517849
671,261,1091517915
709,357,1091521435
709,739,1091521592
709,739,1091521668
686,96,1091522405
62,875,1091527695
62,875,1091527723
90,442,1091527894
90,867,1091527969
93,270,1091528031
18,96,1091534639
742,418,1091536698
742,636,1091537031
742,703,1091537220
742,222,1091537425
742,261,1091537543
742,81,1091537592
742,759,1091537646
742,557,1091537684
742,53,1091537750
742,871,1091540389
742,257,1091540464
283,184,1091541092
870,734,1091542775
870,789,1091542952
870,434,1091543001
578,871,1091545296
578,830,1091545368
752,287,1091546166
538,759,1091546961
695,549,1091547108
383,224,1091548471
861,119,1091549203
861,376,1091549291
861,418,1091549352
93,222,1091549768
93,376,1091549804
93,759,1091549832
93,636,1091549881
93,703,1091549918
9,437,1091550028
9,376,1091550082
9,81,1091550121
9,676,1091550263
686,778,1091550923
93,376,1091551691
93,437,1091551727
9,376,1091552804
247,763,1091552871
367,224,1091555286
367,522,1091555380
367,86,1091555423
742,418,1091555689
742,81,1091555786
753,897,1091555909
274,96,1091557498
274,557,1091558114
205,106,1091558773
395,766,1091560420
395,867,1091560454
395,734,1091560531
395,442,1091560586
395,858,1091560654
395,86,1091560673
9,81,1091560839
283,858,1091562018
283,442,1091562066
173,442,1091562134
805,282,1091562267
739,776,1091562281
384,222,1091562380
709,592,1091562528
709,636,1091562562
671,261,1091563349
255,739,1091563670
336,84,1091564185
336,96,1091564312
185,676,1091564388
742,261,1091564864
585,874,1091564870
742,557,1091565044
742,636,1091565143
830,373,1091565383
830,760,1091565425
93,222,1091565438
830,154,1091565458
93,376,1091565467
830,743,1091565472
830,643,1091565490
93,636,1091565497
830,387,1091565614
830,858,1091565655
830,444,1091565665
830,152,1091565675
830,873,1091566064
830,54,1091566083
830,390,1091566140
830,282,1091566151
830,186,1091566310
830,597,1091566331
830,512,1091566415
830,628,1091566507
830,81,1091566518
830,40,1091566545
830,49,1091566637
830,323,1091566646
830,881,1091566656
830,735,1091566700
830,94,1091566709
830,589,1091566721
830,179,1091566748
830,395,1091566967
830,395,1091566978
830,270,1091567044
830,594,1091567056
830,498,1091567148
9,376,1091567164
830,83,1091567193
830,627,1091567210
830,448,1091567217
830,252,1091567225
830,523,1091567233
830,4,1091567262
830,206,1091567272
830,521,1091567287
830,371,1091567298
803,96,1091567311
830,484,1091567316
803,96,1091567329
830,618,1091567335
803,875,1091567364
830,106,1091567427
803,868,1091567437
830,431,1091567536
830,518,1091567610
830,662,1091567627
830,706,1091567652
830,557,1091567795
830,757,1091567804
830,421,1091567832
830,596,1091567862
830,423,1091567873
830,123,1091567882
229,435,1091569822
141,92,1091570825
91,234,1091573168
18,96,1091575427
18,96,1091575476
336,96,1091575994
861,418,1091576452
797,386,1091577928
93,435,1091577938
93,376,1091577969
93,92,1091578084
797,388,1091578136
367,86,1091580508
292,482,1091580941
18,96,1091582726
865,293,1091582937
90,867,1091584618
686,96,1091585789
593,856,1091586144
243,549,1091586421
243,776,1091586492
18,96,1091586784
18,96,1091587047
283,442,1091588263
173,442,1091588313
3,662,1091589750
3,90,1091589838
3,759,1091589961
3,759,1091590161
3,224,1091590204
3,775,1091590248
400,543,1091590464
62,437,1091591177
62,376,1091591262
806,759,1091591374
62,875,1091591423
62,759,1091591539
9,437,1091593006
367,437,1091593091
733,106,1091593174
9,152,1091593398
395,386,1091593447
395,858,1091593548
585,739,1091593703
579,759,1091593839
141,92,1091593909
367,870,1091594144
9,759,1091594157
9,870,1091594183
846,638,1091594484
846,421,1091594602
870,395,1091595303
307,376,1091599833
135,442,1091599982
307,418,1091600014
135,759,1091600085
197,446,1091600736
93,870,1091603119
93,437,1091603272
93,376,1091603427
93,92,1091604459
93,543,1091604485
93,152,1091604523
375,297,1091604697
93,759,1091604987
709,636,1091606090
709,874,1091606137
709,739,1091606191
709,690,1091606206
637,856,1091606725
637,437,1091606934
173,585,1091610918
742,636,1091624462
742,222,1091624578
742,53,1091625489
742,81,1091625749
742,871,1091625835
62,437,1091631163
62,376,1091631324
283,858,1091633873
283,442,1091633992
578,881,1091634185
283,379,1091634423
9,437,1091637616
173,442,1091637670
9,376,1091637688
9,81,1091637707
9,395,1091637754
9,759,1091637794
9,152,1091637847
9,870,1091637895
173,448,1091637995
742,357,1091638562
49,247,1091638921
580,282,1091639730
580,501,1091639754
400,627,1091641762
135,442,1091642012
135,759,1091642110
92,357,1091645547
141,92,1091645637
346,53,1091647156
346,184,1091647280
93,437,1091648906
435,222,1091648907
93,222,1091648943
93,376,1091648996
93,881,1091649043
93,92,1091649105
93,627,1091649160
93,759,1091649205
93,152,1091649290
93,636,1091649376
93,585,1091649418
93,870,1091649458
742,357,1091650234
336,357,1091650265
192,92,1091653827
93,92,1091654476
538,543,1091654513
93,543,1091654551
686,96,1091654602
62,395,1091655533
62,376,1091656008
62,437,1091656045
274,96,1091658192
274,96,1091658222
91,152,1091661045
18,96,1091664251
865,593,1091664786
865,242,1091664821
865,491,1091665056
18,96,1091665524
18,96,1091665540
93,376,1091665963
93,152,1091666012
8,90,1091666359
8,244,1091666445
8,197,1091666524
8,319,1091666620
283,437,1091669338
93,437,1091669515
865,437,1091670250
803,197,1091671695
62,376,1091672608
686,96,1091672687
216,739,1091673824
579,739,1091674654
383,874,1091674730
93,437,1091675301
93,376,1091675388
803,96,1091676105
601,129,1091676427
870,70,1091677117
870,290,1091677147
93,290,1091677926
164,323,1091678765
735,53,1091679269
62,376,1091680018
891,96,1091680098
602,297,1091680573
83,53,1091680928
709,874,1091682059
709,739,1091682112
709,479,1091682511
709,883,1091682863
709,522,1091683387
709,6,1091683517
709,868,1091683794
336,96,1091684464
336,96,1091684617
336,96,1091684688
695,549,1091685624
624,701,1091699345
742,53,1091712103
742,883,1091712771
192,92,1091714836
383,701,1091715375
870,706,1091715666
285,106,1091718924
822,247,1091721681
9,395,1091724131
173,442,1091724738
173,442,1091727138
135,442,1091727483
173,442,1091728371
709,883,1091729899
686,96,1091732394
93,706,1091732889
93,376,1091732970
93,92,1091733114
395,388,1091735424
395,86,1091735719
395,869,1091735751
395,556,1091735819
367,86,1091737961
62,376,1091738550
255,776,1091740992
336,96,1091741349
435,92,1091744195
435,388,1091744268
435,153,1091744419
345,376,1091747869
326,446,1091749157
62,376,1091749350
709,776,1091749856
447,600,1091750066
345,376,1091750278
870,133,1091753053
395,388,1091754302
395,86,1091755139
742,883,1091755691
739,2,1091756815
367,86,1091757196
739,776,1091757556
624,53,1091759354
18,96,1091762076
744,153,1091762269
400,96,1091762872
652,585,1091763266
652,81,1091763350
653,96,1091764926
420,53,1091765645
336,96,1091767594
336,96,1091767640
336,2,1091767780
336,2,1091767831
579,759,1091768726
579,546,1091768826
18,96,1091768954
891,96,1091769016
18,96,1091769314
671,261,1091770655
18,96,1091771042
371,706,1091772073
346,53,1091772144
698,153,1091772484
93,376,1091772850
93,585,1091772867
259,725,1091772868
93,92,1091772888
93,706,1091772910
93,759,1091772935
259,92,1091773053
134,297,1091775200
420,53,1091775972
861,376,1091776712
443,585,1091777149
72,585,1091777306
93,376,1091783281
93,92,1091783314
93,585,1091783368
742,261,1091800046
742,53,1091800270
742,759,1091800334
62,376,1091805480
336,759,1091806997
496,349,1091807473
384,2,1091809699
255,739,1091811331
255,776,1091811400
93,376,1091813096
93,759,1091813162
133,776,1091817314
133,883,1091817339
133,592,1091817489
637,133,1091819122
742,883,1091819215
861,376,1091823432
619,895,1091823483
861,62,1091823531
709,776,1091829192
709,883,1091829224
709,739,1091829255
488,543,1091830192
733,394,1091831480
733,394,1091831887
268,492,1091839595
268,706,1091839678
392,869,1091839855
268,776,1091839877
392,86,1091839970
198,2,1091840352
720,236,1091841882
744,153,1091847637
135,442,1091847851
243,549,1091849255
243,776,1091849341
243,290,1091849461
870,290,1091850011
624,53,1091850027
624,53,1091851355
742,53,1091852415
624,53,1091853601
742,53,1091854409
742,557,1091854708
255,739,1091858731
255,592,1091858765
255,776,1091858814
579,759,1091859167
384,869,1091859691
102,869,1091859736
384,869,1091859805
102,869,1091859832
384,869,1091859846
72,706,1091860604
72,585,1091860764
164,362,1091861460
164,99,1091861799
164,320,1091862038
283,557,1091862152
164,323,1091862155
283,557,1091862246
173,585,1091863548
709,592,1091877104
870,706,1091886334
400,543,1091891700
238,729,1091892189
345,290,1091896917
83,33,1091900015
268,60,1091901740
173,290,1091902253
102,869,1091903095
83,33,1091904633
367,92,1091904691
383,869,1091905252
383,869,1091905317
39,77,1091906150
39,323,1091906270
39,248,1091906298
205,99,1091906315
62,376,1091906817
9,376,1091907462
62,376,1091908061
9,376,1091908829
679,445,1091908884
392,869,1091910542
384,869,1091914704
43,442,1091915356
42,484,1091915667
173,442,1091917374
422,388,1091922023
400,788,1091923079
400,257,1091923197
102,869,1091923595
822,290,1091929224
578,881,1091929822
384,869,1091929885
515,360,1091932090
283,442,1091934408
283,557,1091934483
102,869,1091935585
420,53,1091935891
346,895,1091940796
383,869,1091942867
383,869,1091942916
188,99,1091944964
579,33,1091949369
239,857,1091977415
193,706,1091980052
193,260,1091980246
43,53,1091986553
367,868,1091988803
367,94,1091988926
752,284,1091990921
752,559,1091990952
709,868,1091993190
62,376,1091993957
538,284,1091997340
786,775,1091998106
161,117,1092001509
83,33,1092004327
134,857,1092009307
268,729,1092010008
834,94,1092011836
59,227,1092011922
59,329,1092011941
59,221,1092011975
18,96,1092014204
645,895,1092015461
9,376,1092017060
400,96,1092017347
283,221,1092018268
283,748,1092018390
813,379,1092023045
562,247,1092025123
870,868,1092025835
135,442,1092028291
392,869,1092028935
392,388,1092029021
392,388,1092029059
392,388,1092029061
579,636,1092031577
579,759,1092031611
83,759,1092031905
686,96,1092034239
806,392,1092034489
806,392,1092034535
686,96,1092035053
686,96,1092035451
686,94,1092035920
686,392,1092036137
43,442,1092057336
279,182,1092059345
126,555,1092063742
126,46,1092063764
49,106,1092065399
742,598,1092066019
9,759,1092067548
806,392,1092068566
742,759,1092069242
445,133,1092069999
445,705,1092070080
721,247,1092070976
891,106,1092071878
891,106,1092072028
555,257,1092072249
93,376,1092075221
93,92,1092075279
93,543,1092075326
93,290,1092075380
93,585,1092075415
93,759,1092075467
93,706,1092075541
93,394,1092075594
93,636,1092075623
510,320,1092076905
510,362,1092077155
395,442,1092077922
395,869,1092078002
395,388,1092078035
135,442,1092078157
709,636,1092078919
9,376,1092078968
742,703,1092079612
742,81,1092080050
686,392,1092080312
686,392,1092080645
93,376,1092081201
93,636,1092081239
220,394,1092081241
93,703,1092081296
97,592,1092081441
93,394,1092081499
9,376,1092081992
9,703,1092082504
92,357,1092083447
742,703,1092084181
742,636,1092084280
786,775,1092086640
786,293,1092086669
384,869,1092087843
525,394,1092092219
705,751,1092093937
9,703,1092094007
83,636,1092095390
400,96,1092095550
83,636,1092095558
400,788,1092095573
400,257,1092095604
102,869,1092095623
400,242,1092095628
400,741,1092095650
400,81,1092095669
400,543,1092095700
400,40,1092095726
173,442,1092095732
400,260,1092095747
400,627,1092095837
400,585,1092095856
173,759,1092095857
400,442,1092096070
870,290,1092096725
742,703,1092098645
742,636,1092098759
367,94,1092103254
59,221,1092108327
375,297,1092109186
43,442,1092109343
49,106,1092109416
392,869,1092111894
102,869,1092112072
49,106,1092112976
686,94,1092113278
579,636,1092114349
673,84,1092114544
579,759,1092114551
891,106,1092114592
673,676,1092114744
49,106,1092114814
891,106,1092115035
802,706,1092115445
102,869,1092115463
49,106,1092115739
173,442,1092118983
367,94,1092120771
367,230,1092121182
709,636,1092121192
435,492,1092122881
435,887,1092123113
346,895,1092123951
164,99,1092136809
164,320,1092136920
164,853,1092137085
164,323,1092137197
742,636,1092143454
531,320,1092145598
62,388,1092145600
62,376,1092145780
93,376,1092149774
93,290,1092151564
93,543,1092151761
93,543,1092151774
9,376,1092154198
9,290,1092154396
9,290,1092154419
255,445,1092155493
135,99,1092160434
496,530,1092160795
283,221,1092163024
19,442,1092166302
367,92,1092167452
806,392,1092170785
400,543,1092171057
238,308,1092171605
43,442,1092171967
618,868,1092173808
618,572,1092174036
383,869,1092175545
624,53,1092177252
83,759,1092177254
742,759,1092178469
62,759,1092184170
9,759,1092190072
686,392,1092190464
153,40,1092190725
499,627,1092191053
499,220,1092191076
3,68,1092191595
742,68,1092191713
337,260,1092192403
93,376,1092193747
93,40,1092193791
93,92,1092193834
93,543,1092193868
93,394,1092193955
93,290,1092193995
93,759,1092194083
93,703,1092194163
806,392,1092194280
93,706,1092194386
93,636,1092194449
395,388,1092194961
870,734,1092195225
9,40,1092196773
9,759,1092196811
9,703,1092196834
9,290,1092196880
83,759,1092196893
9,133,1092197437
9,119,1092197446
9,437,1092197453
9,287,1092197460
9,222,1092197468
9,349,1092197475
9,376,1092197483
9,224,1092197504
9,873,1092197513
9,530,1092197534
9,782,1092197541
9,597,1092197551
9,512,1092197565
9,81,1092197584
9,40,1092197594
9,876,1092197621
9,94,1092197632
9,179,1092197642
9,92,1092197654
9,395,1092197676
9,790,1092197684
9,36,1092197704
9,543,1092197715
9,627,1092197727
9,4,1092197735
9,726,1092197744
9,45,1092197788
9,725,1092197795
9,387,1092197806
9,854,1092197832
9,251,1092197844
9,183,1092197852
9,759,1092197869
9,52,1092197879
9,507,1092197888
9,431,1092197897
9,703,1092197906
9,676,1092197914
9,152,1092197922
9,107,1092197930
9,706,1092197942
9,870,1092197950
9,290,1092197958
19,734,1092198047
93,290,1092198093
19,442,1092198173
62,734,1092198735
62,759,1092198813
62,437,1092198889
93,222,1092199053
93,870,1092199089
93,133,1092199223
93,92,1092199271
93,107,1092199308
93,512,1092199375
93,376,1092199495
93,782,1092199529
346,53,1092199538
93,152,1092199547
93,4,1092199579
346,179,1092199579
346,854,1092199615
93,703,1092199617
93,437,1092199647
93,349,1092199664
346,853,1092199671
93,597,1092199679
93,40,1092199699
93,543,1092199715
93,627,1092199728
346,40,1092199736
93,40,1092199774
93,507,1092199791
93,52,1092199812
93,759,1092199865
93,183,1092199880
510,320,1092201863
141,387,1092202202
141,585,1092202524
141,585,1092202529
93,585,1092214102
480,179,1092219484
709,636,1092222967
786,775,1092232690
742,53,1092233694
742,703,1092233821
93,703,1092236047
93,636,1092236085
93,897,1092237544
93,557,1092238777
478,730,1092239578
478,868,1092239857
742,557,1092240115
283,557,1092241298
62,437,1092241580
538,40,1092243118
9,133,1092243350
9,437,1092243383
9,222,1092243392
9,349,1092243405
9,782,1092243433
9,597,1092243462
9,40,1092243492
9,92,1092243692
9,387,1092243772
9,759,1092243832
9,703,1092243889
346,179,1092244432
346,897,1092244523
705,40,1092245846
752,788,1092247230
752,708,1092247680
752,708,1092247852
93,133,1092250144
93,222,1092250160
347,556,1092250181
93,437,1092250182
93,349,1092250197
93,782,1092250214
93,597,1092250244
93,40,1092250266
93,92,1092250280
93,759,1092250304
93,703,1092250326
93,557,1092250364
93,897,1092250391
742,703,1092252481
742,557,1092252543
671,261,1092254075
742,182,1092256089
383,556,1092256373
742,759,1092256784
93,557,1092262079
93,703,1092262105
93,759,1092262169
141,437,1092269351
548,257,1092270020
806,759,1092270437
405,776,1092270563
870,734,1092271460
367,92,1092271471
367,897,1092271528
650,437,1092276226
803,701,1092276484
803,868,1092276533
9,703,1092276743
18,897,1092276838
548,543,1092282195
268,492,1092283546
268,776,1092283815
400,788,1092283845
268,45,1092283850
345,492,1092284886
745,538,1092284983
392,869,1092285319
392,869,1092285783
250,713,1092285898
395,734,1092286037
102,869,1092286549
48,878,1092286549
48,559,1092286572
48,105,1092286605
392,556,1092286620
392,703,1092286655
250,502,1092286665
102,789,1092286823
102,789,1092286838
102,789,1092286852
102,789,1092286861
102,789,1092286875
102,789,1092286881
392,869,1092286979
250,495,1092287225
871,853,1092288038
228,415,1092289039
83,730,1092289122
83,636,1092289597
47,868,1092291983
709,868,1092294919
18,96,1092312147
18,96,1092312159
742,703,1092315581
742,636,1092315657
193,706,1092315732
742,788,1092315748
193,559,1092315849
531,320,1092317797
91,734,1092319288
164,99,1092319463
164,320,1092319563
93,897,1092320532
93,706,1092320573
93,92,1092320614
93,543,1092320648
93,636,1092320685
93,703,1092320751
93,759,1092320816
93,598,1092320973
93,644,1092321041
93,91,1092321110
93,373,1092321199
870,789,1092321929
870,734,1092322006
870,878,1092322069
62,644,1092324024
62,759,1092324097
696,357,1092326485
696,49,1092326538
392,703,1092327032
696,394,1092327492
696,394,1092327568
752,843,1092327607
752,788,1092327686
742,357,1092327814
752,60,1092327969
742,788,1092328092
696,357,1092328315
696,558,1092328510
9,759,1092328649
9,703,1092328690
283,373,1092328850
742,357,1092329250
93,373,1092329736
93,394,1092329824
93,644,1092329867
93,759,1092329890
93,60,1092329908
93,703,1092329945
686,49,1092331440
686,96,1092331497
392,703,1092335997
363,734,1092336694
363,867,1092336743
363,446,1092336828
9,759,1092337276
742,703,1092338799
696,734,1092340541
873,482,1092342914
39,323,1092345437
39,703,1092345468
39,703,1092345473
748,830,1092349928
742,636,1092351592
742,759,1092351663
742,883,1092351714
83,636,1092351789
742,636,1092351951
742,81,1092352080
813,703,1092352997
872,323,1092353874
585,874,1092354265
585,105,1092354415
585,868,1092354588
47,759,1092354648
285,598,1092358147
106,94,1092359081
196,705,1092359504
196,705,1092359513
196,705,1092359518
488,62,1092360279
333,420,1092362534
333,734,1092362767
90,867,1092363279
141,92,1092364569
9,81,1092365265
9,94,1092365285
9,759,1092365339
9,703,1092365361
510,320,1092365954
510,91,1092366333
415,53,1092367746
415,53,1092367764
336,96,1092368207
336,84,1092368306
336,357,1092368440
336,105,1092368555
336,734,1092368598
336,868,1092368784
336,748,1092368967
336,759,1092369040
47,81,1092370018
383,869,1092370543
721,734,1092371835
18,96,1092375760
777,293,1092376965
579,183,1092377032
579,759,1092377154
777,264,1092377208
133,883,1092377578
363,867,1092377708
777,868,1092378122
194,105,1092379693
39,323,1092380549
39,632,1092380571
39,78,1092380661
39,543,1092380697
39,555,1092380749
673,84,1092383690
709,868,1092392923
709,883,1092393080
695,549,1092399188
742,557,1092402366
742,759,1092402557
192,92,1092405359
90,867,1092406114
384,869,1092406982
384,703,1092407000
363,867,1092414122
62,734,1092415614
538,264,1092416499
346,183,1092416846
64,445,1092417654
93,598,1092418530
93,543,1092418566
93,92,1092418630
93,703,1092418679
93,759,1092418742
93,636,1092418797
93,183,1092418843
93,557,1092418898
173,183,1092419030
742,222,1092421029
803,96,1092421930
803,96,1092422016
803,96,1092422160
803,96,1092422270
83,636,1092426815
141,92,1092428235
141,183,1092428303
255,598,1092430554
255,445,1092430573
383,869,1092431393
777,868,1092436644
9,376,1092436678
9,395,1092436695
777,739,1092436886
777,790,1092437028
274,96,1092437107
777,265,1092437933
400,96,1092438209
62,183,1092438668
62,395,1092438692
8,662,1092439208
451,376,1092439214
8,662,1092439281
451,434,1092439364
451,873,1092439493
451,743,1092439668
451,782,1092439795
451,512,1092439972
9,395,1092440247
102,789,1092440438
102,789,1092440444
102,789,1092440447
173,376,1092442453
539,759,1092444602
803,96,1092447694
18,96,1092449846
18,96,1092450227
742,759,1092454907
525,394,1092456159
3,662,1092457214
3,662,1092457233
3,662,1092457256
3,775,1092457344
3,68,1092457384
3,558,1092457519
742,68,1092458001
742,68,1092458076
742,68,1092458172
135,557,1092458357
742,53,1092458372
742,53,1092458478
400,96,1092458887
538,743,1092459820
538,662,1092459890
579,759,1092462174
220,394,1092462248
579,183,1092462257
83,759,1092462762
83,186,1092462817
579,636,1092462901
579,738,1092462981
861,62,1092463329
861,62,1092463428
367,92,1092463817
367,549,1092463975
435,492,1092464857
435,759,1092465159
861,725,1092465299
435,734,1092465352
435,734,1092465360
435,867,1092465470
861,295,1092465489
435,636,1092465556
285,512,1092465898
803,96,1092466174
803,96,1092466357
216,739,1092466364
861,644,1092466481
803,96,1092466568
803,96,1092466679
802,706,1092468149
709,636,1092484059
709,739,1092484105
90,867,1092497673
93,759,1092500768
93,376,1092500821
93,706,1092500863
93,222,1092500919
62,759,1092505711
62,376,1092505775
9,725,1092506412
9,759,1092506469
400,559,1092513492
62,510,1092517508
753,713,1092517862
451,376,1092518494
451,512,1092518592
451,743,1092518727
870,265,1092519807
9,376,1092520066
141,295,1092524450
451,627,1092524574
451,708,1092525083
451,52,1092525670
451,676,1092525886
451,857,1092526133
451,388,1092526270
9,627,1092530250
9,52,1092530299
18,708,1092531801
18,96,1092532065
18,708,1092533129
18,96,1092533814
451,708,1092533822
451,708,1092533839
451,52,1092534038
18,708,1092534119
538,743,1092536719
9,52,1092537608
686,734,1092537889
283,748,1092538617
400,96,1092541060
400,96,1092541319
803,96,1092542479
803,96,1092542621
395,734,1092543836
194,734,1092545290
515,498,1092545872
18,96,1092547762
18,96,1092548004
18,96,1092549159
870,627,1092549870
870,868,1092549978
153,498,1092552170
686,96,1092552549
90,737,1092552939
90,240,1092552955
786,775,1092554425
259,708,1092554815
93,759,1092557665
93,92,1092557749
93,376,1092557851
93,183,1092557963
93,510,1092558040
90,734,1092560731
47,743,1092565640
870,734,1092580304
18,96,1092583540
62,734,1092585432
62,759,1092585606
62,376,1092585771
62,498,1092585841
9,376,1092587411
9,627,1092587460
9,183,1092587617
9,759,1092587665
93,759,1092587857
93,376,1092587966
451,743,1092589061
243,549,1092591196
538,743,1092592219
400,96,1092593408
400,96,1092593430
18,96,1092598608
9,376,1092599378
9,759,1092599394
451,743,1092600323
400,96,1092602662
400,96,1092602765
62,376,1092606471
18,96,1092606945
18,96,1092607078
18,96,1092607270
173,183,1092609543
336,96,1092611477
336,240,1092611649
478,730,1092611703
478,676,1092611744
478,868,1092611843
90,867,1092612146
346,183,1092617198
538,743,1092617586
395,734,1092618185
400,96,1092619005
173,183,1092621540
93,376,1092623430
93,759,1092623479
93,183,1092623720
93,782,1092623851
93,512,1092624001
93,295,1092624261
62,376,1092624300
93,627,1092624368
93,557,1092624647
93,376,1092624776
9,376,1092625048
9,759,1092625178
93,394,1092625406
93,376,1092625514
93,759,1092625779
93,636,1092626265
93,598,1092626311
400,627,1092626826
83,730,1092627741
345,492,1092628464
141,183,1092628736
93,627,1092629027
93,644,1092629112
93,183,1092629251
802,105,1092629950
802,40,1092629981
93,290,1092630009
250,713,1092631003
250,897,1092631412
141,183,1092632006
93,897,1092633496
93,40,1092633519
93,183,1092633580
141,183,1092635810
141,183,1092635876
173,376,1092637465
744,153,1092638565
686,96,1092638750
686,96,1092639039
686,734,1092639184
579,636,1092641600
579,759,1092641884
579,105,1092642202
579,730,1092642238
806,759,1092642875
93,636,1092649036
93,759,1092649068
93,183,1092649137
395,442,1092663868
398,437,1092664078
62,734,1092664396
62,644,1092664485
478,730,1092667812
478,387,1092667894
18,96,1092672852
752,96,1092673333
752,284,1092673379
752,858,1092673399
18,96,1092673473
803,96,1092674540
93,437,1092674723
803,96,1092674737
93,644,1092674760
62,644,1092675877
18,96,1092681010
752,741,1092681071
220,394,1092681196
18,96,1092681238
393,290,1092681446
173,290,1092682111
135,442,1092682542
93,394,1092683142
93,644,1092683181
93,290,1092683227
803,96,1092684836
803,96,1092685113
803,96,1092685143
803,708,1092685544
803,868,1092685573
752,60,1092686429
803,240,1092686446
803,240,1092686463
395,442,1092686616
395,858,1092686643
752,708,1092686862
141,387,1092687423
141,759,1092687487
803,708,1092687543
646,437,1092688543
696,394,1092689927
62,759,1092689990
696,394,1092690008
93,394,1092691128
93,60,1092691265
696,778,1092691993
646,290,1092692756
47,2,1092692867
47,2,1092693087
9,437,1092697593
9,759,1092697682
9,133,1092699389
9,437,1092699407
9,376,1092699503
9,703,1092699538
9,627,1092699590
83,730,1092699963
239,857,1092700007
239,417,1092700058
173,437,1092700537
585,186,1092700984
585,739,1092701061
585,105,1092701167
93,133,1092702151
93,437,1092702189
93,376,1092702209
93,290,1092702231
93,627,1092702252
93,703,1092702276
93,759,1092702354
259,388,1092703487
336,105,1092703774
91,154,1092704720
91,433,1092704750
91,881,1092704784
91,686,1092704820
91,727,1092704838
283,858,1092705059
283,183,1092705172
382,52,1092705463
92,91,1092705584
18,708,1092705922
18,708,1092706217
18,96,1092706321
50,154,1092707654
173,437,1092707871
398,417,1092708730
9,133,1092709259
9,437,1092709337
9,376,1092709349
9,627,1092709431
9,759,1092709495
870,627,1092710122
870,395,1092710166
870,557,1092710190
753,897,1092710872
12,417,1092712943
870,734,1092713111
134,857,1092713183
62,734,1092713544
451,52,1092713843
451,388,1092713910
802,437,1092714461
173,437,1092716087
173,759,1092716169
93,133,1092718684
93,154,1092718906
93,437,1092719011
93,376,1092719195
93,627,1092719289
93,96,1092719339
93,759,1092719392
93,183,1092719437
400,96,1092719463
93,96,1092719596
93,557,1092719670
93,897,1092719771
646,492,1092722615
870,557,1092724149
870,556,1092724169
646,240,1092724276
18,96,1092726562
93,96,1092727576
93,557,1092727632
742,703,1092748217
742,598,1092748416
742,883,1092748523
742,883,1092748611
870,183,1092752041
870,557,1092752181
478,730,1092752850
478,387,1092753015
742,557,1092754323
742,636,1092755087
742,261,1092755567
742,81,1092755713
400,96,1092755770
400,81,1092755900
742,759,1092756075
742,759,1092756517
18,96,1092757152
283,557,1092757434
135,442,1092757636
9,437,1092759222
822,389,1092759272
9,627,1092759321
9,759,1092759448
9,703,1092759498
205,417,1092760748
803,96,1092761182
62,437,1092761637
803,708,1092761741
803,708,1092761771
124,389,1092762102
285,598,1092763869
90,734,1092764111
709,883,1092764951
742,598,1092765342
93,437,1092765352
93,627,1092765548
93,759,1092765594
93,636,1092765663
93,183,1092765693
93,703,1092765728
93,389,1092765760
9,627,1092765798
93,557,1092765819
93,627,1092765838
9,703,1092765849
93,598,1092765893
93,703,1092765922
696,154,1092767189
696,734,1092767828
9,627,1092769824
9,703,1092769871
18,708,1092769992
742,703,1092770271
18,96,1092770277
432,241,1092770379
742,703,1092770434
742,636,1092770738
742,759,1092770898
742,557,1092771149
93,627,1092771383
93,703,1092771497
93,636,1092771618
93,557,1092771716
9,759,1092773406
9,703,1092773446
705,186,1092774881
705,52,1092774931
705,676,1092774964
742,703,1092774982
90,734,1092775151
742,257,1092775203
742,507,1092776519
93,759,1092779414
93,507,1092779558
93,703,1092779976
93,52,1092780057
871,81,1092782995
786,775,1092783504
119,517,1092785054
4,858,1092787429
239,857,1092788465
239,417,1092788532
336,96,1092788714
93,517,1092789147
400,96,1092789233
673,676,1092789286
93,96,1092789517
400,627,1092790494
93,627,1092790964
283,538,1092792002
83,186,1092794234
83,387,1092794352
83,730,1092794413
739,2,1092795276
585,186,1092795357
9,81,1092795902
9,759,1092795965
9,52,1092795982
9,703,1092796054
62,734,1092799188
18,96,1092800276
285,598,1092800348
18,708,1092800484
18,897,1092800823
47,2,1092802055
870,627,1092802181
50,154,1092804362
400,96,1092804390
753,236,1092804559
740,516,1092808798
221,544,1092808918
740,179,1092809001
777,541,1092813287
777,593,1092813336
861,725,1092814414
579,236,1092817233
579,730,1092817654
579,33,1092817777
579,636,1092818532
800,395,1092823817
18,96,1092832990
395,433,1092832993
395,734,1092833133
395,442,1092833165
395,858,1092833181
742,759,1092835987
742,636,1092836151
742,81,1092836304
752,60,1092836689
742,507,1092836726
822,389,1092837631
9,725,1092838575
9,759,1092838610
870,734,1092839205
193,260,1092841022
478,730,1092842387
478,387,1092842420
371,493,1092845076
93,154,1092847420
93,60,1092847479
93,759,1092847511
93,507,1092847557
93,703,1092847576
93,389,1092847621
93,636,1092847696
93,598,1092847721
93,249,1092847764
93,897,1092847781
198,2,1092848493
239,443,1092849330
742,636,1092852189
742,598,1092852282
742,507,1092852882
803,96,1092853425
803,708,1092853661
93,507,1092854487
93,636,1092854590
93,598,1092854621
579,759,1092855277
579,598,1092855471
384,507,1092858065
93,507,1092858995
93,759,1092859015
93,598,1092859040
405,133,1092860650
405,437,1092860738
9,133,1092863874
9,759,1092863910
495,59,1092864434
495,447,1092864467
806,759,1092866062
255,593,1092866593
255,598,1092866692
742,759,1092868784
742,636,1092868925
9,759,1092869738
395,734,1092870045
39,593,1092870716
83,33,1092876009
83,387,1092876165
83,730,1092876219
83,598,1092876668
742,598,1092878114
742,355,1092878320
742,222,1092878533
742,597,1092878701
384,507,1092879382
742,671,1092880058
742,858,1092880166
243,549,1092882139
383,507,1092883562
383,222,1092883607
393,290,1092884009
393,734,1092884142
259,585,1092885463
231,185,1092886052
141,597,1092887945
141,585,1092888052
93,437,1092888057
93,222,1092888090
93,597,1092888118
93,671,1092888137
93,759,1092888165
93,507,1092888183
93,636,1092888198
93,290,1092888267
420,881,1092888267
93,598,1092888360
346,179,1092888591
538,759,1092888785
93,759,1092890368
285,598,1092890704
870,734,1092890874
83,355,1092892574
83,598,1092892744
538,759,1092893193
420,355,1092894730
579,636,1092895722
579,759,1092895871
579,730,1092895932
579,355,1092895993
443,157,1092896540
93,636,1092897075
93,759,1092897112
93,598,1092897178
142,874,1092897489
142,52,1092898005
142,830,1092898258
290,878,1092901948
742,759,1092920129
742,507,1092920203
742,598,1092920454
742,222,1092920615
870,878,1092922552
752,788,1092925374
383,507,1092928290
384,507,1092928496
478,730,1092928543
742,507,1092931170
345,388,1092934074
93,222,1092934746
93,759,1092934773
93,507,1092934804
93,598,1092934835
647,238,1092937477
216,874,1092938823
216,874,1092938845
9,222,1092939313
9,597,1092939380
9,507,1092939486
173,671,1092941771
742,222,1092943615
742,788,1092944459
742,418,1092944512
742,394,1092944759
585,874,1092945950
742,883,1092946787
235,388,1092949444
173,388,1092949491
395,442,1092949915
405,437,1092950347
405,258,1092950714
173,442,1092951202
395,388,1092952665
395,442,1092952688
395,443,1092952919
91,154,1092953013
91,433,1092953091
173,443,1092954336
259,585,1092955397
259,585,1092955680
9,222,1092957217
777,593,1092957248
709,883,1092958185
96,242,1092959185
93,507,1092960393
93,394,1092960471
93,585,1092960538
93,437,1092960602
93,671,1092960636
93,222,1092960701
93,154,1092960744
93,597,1092960800
90,319,1092963335
83,730,1092964107
447,242,1092964325
216,874,1092968253
9,597,1092968895
9,507,1092968919
90,240,1092969648
90,737,1092969681
259,585,1092971614
55,284,1092973947
96,242,1092974711
141,759,1092975600
141,585,1092975673
9,759,1092976001
133,883,1092978914
398,417,1092979160
579,759,1092979569
124,389,1092979772
585,874,1092980283
585,105,1092980401
628,672,1092980725
12,417,1092983395
4,222,1092984653
4,443,1092984726
173,585,1092984902
806,759,1092987611
709,874,1093002422
255,739,1093009755
742,222,1093010531
742,597,1093010758
742,883,1093011115
742,428,1093011187
742,418,1093011218
742,703,1093011834
742,636,1093011894
742,546,1093011943
613,370,1093013192
613,387,1093013245
613,734,1093013559
613,221,1093013610
613,868,1093013709
613,437,1093013754
742,222,1093016884
383,507,1093020217
9,597,1093021334
239,417,1093021491
239,443,1093021624
422,437,1093023002
422,703,1093023576
478,387,1093024723
742,703,1093024993
400,585,1093025521
739,878,1093026022
422,395,1093026578
18,708,1093029111
18,96,1093029560
9,395,1093029919
9,703,1093030034
742,703,1093032177
141,437,1093033753
141,597,1093033784
141,759,1093033833
870,788,1093039724
9,597,1093040628
9,759,1093040695
9,703,1093040757
9,703,1093041206
50,154,1093044549
50,154,1093044628
336,759,1093045453
336,96,1093045542
518,540,1093047428
93,437,1093048185
141,437,1093048293
141,178,1093048325
141,92,1093048462
141,70,1093048497
141,97,1093048559
367,92,1093048608
93,759,1093048611
141,585,1093048651
141,92,1093048678
141,92,1093048729
141,759,1093048747
367,92,1093048806
141,92,1093048857
141,545,1093048944
93,507,1093049040
367,92,1093049210
9,437,1093051835
9,759,1093051907
9,507,1093051938
696,734,1093055891
56,284,1093059335
383,507,1093059773
400,96,1093059867
786,775,1093061386
784,830,1093062183
39,370,1093064546
39,543,1093064654
93,759,1093065200
93,507,1093065452
18,96,1093068639
400,96,1093069053
9,507,1093069202
18,96,1093069431
400,96,1093070566
259,585,1093071325
259,388,1093071475
18,96,1093072797
400,96,1093073910
141,585,1093075938
141,388,1093075961
173,437,1093077871
405,319,1093096363
18,96,1093106708
315,644,1093107062
141,437,1093109841
9,437,1093110951
752,559,1093112214
752,788,1093112249
752,843,1093112270
141,437,1093112757
813,370,1093113980
9,703,1093115342
383,703,1093116093
336,96,1093116525
9,703,1093117728
742,703,1093119279
285,788,1093120486
400,96,1093121436
400,788,1093121523
742,395,1093124273
9,703,1093126394
367,549,1093127801
39,370,1093128246
39,242,1093128335
39,242,1093128344
93,507,1093129200
93,703,1093129322
93,585,1093129411
93,96,1093130297
93,437,1093130392
93,437,1093130421
93,636,1093130496
93,222,1093130576
93,154,1093130670
93,597,1093130798
93,92,1093130889
93,543,1093130932
93,644,1093130990
93,389,1093131126
9,597,1093131146
93,868,1093131329
93,597,1093131480
9,597,1093132291
9,251,1093132307
93,786,1093132408
93,251,1093132474
93,597,1093132550
18,96,1093132654
9,251,1093133064
9,597,1093133115
336,96,1093134040
333,734,1093134730
333,420,1093134881
93,597,1093134996
9,597,1093135014
93,96,1093135169
93,597,1093135239
9,597,1093135375
102,869,1093135443
268,729,1093135531
93,597,1093135694
9,597,1093135728
870,482,1093137105
870,376,1093137174
870,96,1093137223
400,96,1093137455
384,869,1093138905
400,242,1093140423
39,437,1093140944
39,543,1093140990
742,597,1093142139
285,788,1093143049
742,703,1093143226
742,788,1093143249
9,597,1093143442
742,507,1093143538
742,597,1093143570
9,703,1093143665
9,597,1093143685
9,507,1093143749
742,355,1093143752
742,703,1093144043
400,96,1093145686
9,703,1093146466
813,370,1093146755
803,708,1093146794
803,708,1093146821
259,585,1093146835
259,708,1093147115
259,708,1093147152
259,708,1093147171
259,708,1093147187
141,585,1093147280
259,585,1093147482
742,703,1093147728
742,788,1093147848
18,708,1093148085
83,355,1093148218
742,355,1093148434
742,222,1093148963
9,703,1093149530
9,287,1093149652
9,222,1093149786
9,349,1093149913
9,376,1093149927
9,224,1093149952
9,873,1093149967
9,530,1093150048
9,782,1093150065
9,512,1093150105
9,81,1093150167
9,179,1093150254
9,92,1093150274
9,395,1093150284
9,790,1093150308
9,543,1093150353
9,627,1093150405
9,4,1093150415
9,45,1093150440
9,759,1093150520
102,869,1093151354
102,869,1093151716
102,869,1093151726
395,734,1093152086
478,868,1093153052
164,81,1093153240
164,323,1093153328
164,320,1093153414
422,703,1093153590
164,99,1093153648
134,81,1093154404
400,788,1093154595
400,543,1093154753
400,585,1093155024
9,703,1093155254
861,644,1093155871
579,874,1093156255
579,105,1093156457
579,759,1093156576
786,293,1093156618
579,636,1093156674
83,759,1093156708
579,738,1093156813
579,738,1093156844
579,759,1093156905
861,759,1093156987
579,759,1093157123
742,788,1093185989
742,759,1093186099
870,734,1093187172
259,585,1093187230
259,92,1093187370
870,293,1093187489
870,183,1093187557
870,734,1093188886
91,154,1093192693
870,395,1093192741
803,708,1093192845
91,708,1093192885
803,708,1093192937
803,708,1093192997
872,99,1093193060
367,234,1093194679
367,234,1093194693
367,686,1093194919
367,379,1093195440
285,788,1093198071
285,512,1093198208
363,734,1093198339
268,45,1093198522
9,92,1093198795
9,45,1093198824
18,708,1093202371
18,708,1093204057
18,708,1093204066
400,788,1093204171
400,585,1093204320
259,708,1093204334
259,708,1093204824
243,549,1093205208
555,257,1093211946
239,45,1093212221
870,179,1093215823
285,788,1093217626
744,153,1093217752
93,222,1093217921
93,349,1093217949
93,376,1093217967
93,597,1093218025
93,782,1093218066
93,627,1093218126
93,92,1093218176
93,512,1093218246
93,543,1093218404
9,349,1093218424
9,782,1093218448
9,597,1093218459
9,92,1093218491
9,45,1093218526
93,349,1093218679
93,597,1093218841
18,96,1093218954
93,782,1093218993
93,782,1093219175
93,507,1093219354
93,92,1093219592
93,759,1093219775
93,703,1093220038
93,636,1093220137
93,4,1093220250
93,585,1093220379
93,183,1093220770
93,868,1093220850
93,644,1093220880
239,182,1093222297
239,182,1093222297
802,105,1093223303
384,507,1093223726
93,507,1093223804
9,349,1093223874
9,92,1093223984
93,92,1093224068
395,734,1093224696
216,874,1093225288
216,739,1093225439
777,264,1093225487
9,703,1093225530
93,703,1093225576
216,738,1093225690
653,855,1093225806
93,388,1093226184
93,388,1093226212
9,703,1093226781
861,759,1093227012
93,703,1093228124
43,81,1093228323
9,81,1093228698
9,759,1093228710
93,786,1093229235
93,759,1093229282
9,759,1093229409
861,68,1093229556
861,36,1093231356
93,759,1093231609
93,686,1093232335
93,757,1093232425
384,507,1093233213
861,99,1093233489
93,507,1093233508
9,395,1093234202
9,36,1093234225
653,395,1093234652
19,52,1093236078
870,627,1093237473
870,36,1093237509
870,759,1093237552
93,759,1093237724
93,627,1093237749
9,395,1093238148
9,759,1093238201
93,287,1093238208
93,759,1093238237
9,287,1093238277
9,759,1093238288
93,282,1093238354
510,320,1093238361
93,287,1093238385
93,759,1093238410
9,287,1093238422
9,759,1093238433
93,287,1093238519
93,759,1093238579
93,759,1093238580
630,186,1093238670
510,99,1093239080
709,874,1093239146
709,739,1093239169
727,81,1093239207
630,556,1093239633
367,686,1093240881
346,376,1093243725
93,376,1093259515
93,686,1093259533
742,759,1093266671
742,507,1093266862
742,703,1093267033
742,68,1093267118
192,545,1093269962
588,446,1093272422
239,376,1093273102
239,45,1093273198
742,597,1093273692
742,788,1093274072
742,257,1093274113
9,45,1093274327
478,868,1093278112
671,261,1093278564
870,556,1093279840
870,395,1093279885
585,186,1093280099
205,99,1093280670
9,395,1093287768
93,376,1093288837
93,597,1093288856
93,759,1093288899
93,507,1093288924
93,703,1093288964
93,868,1093288982
489,182,1093289410
489,643,1093289486
742,182,1093290047
742,703,1093290424
742,479,1093292809
9,703,1093292918
742,887,1093293021
742,703,1093293238
9,703,1093293714
742,703,1093293990
9,703,1093294042
742,703,1093294792
9,703,1093294814
346,376,1093295854
872,99,1093297016
786,293,1093297734
93,376,1093297836
93,703,1093297928
173,437,1093298824
93,437,1093299104
353,786,1093299918
49,106,1093300069
93,786,1093300192
173,437,1093300375
173,437,1093300398
93,437,1093300675
93,101,1093300828
93,515,1093300902
285,788,1093301308
813,676,1093302651
742,788,1093305050
742,373,1093305098
742,597,1093305237
50,154,1093305291
742,81,1093305361
742,179,1093305410
93,373,1093305462
93,597,1093305591
478,676,1093306018
686,96,1093306335
686,96,1093306846
686,96,1093307305
93,96,1093307346
870,179,1093307584
9,376,1093307706
686,96,1093307795
9,597,1093307846
9,81,1093307867
9,703,1093307933
93,376,1093307976
93,597,1093308009
93,96,1093308040
93,703,1093308072
686,778,1093308191
471,179,1093308424
9,597,1093309427
9,179,1093309494
141,545,1093309530
9,703,1093309534
141,585,1093309935
93,585,1093311108
93,597,1093311151
93,703,1093311188
742,179,1093314908
624,186,1093315229
400,96,1093315532
164,99,1093315592
164,738,1093315726
164,320,1093315744
164,895,1093315897
872,99,1093315976
164,94,1093315980
548,257,1093316319
93,96,1093318387
255,598,1093319739
12,99,1093319746
255,598,1093319771
872,99,1093320247
93,598,1093320603
832,58,1093320792
12,99,1093323064
395,734,1093323122
585,186,1093323942
435,759,1093325091
93,759,1093325872
285,788,1093326591
619,389,1093327057
800,782,1093327058
18,96,1093327358
18,96,1093327563
18,96,1093327761
18,96,1093328271
18,96,1093328571
18,96,1093328781
93,782,1093328961
93,96,1093329304
9,782,1093330057
9,94,1093330131
9,759,1093330153
93,759,1093330460
93,782,1093330524
173,585,1093335669
197,446,1093335741
93,585,1093336075
197,106,1093336626
477,290,1093336674
477,290,1093336752
39,373,1093336865
39,437,1093336926
39,231,1093336995
197,70,1093340111
197,855,1093340248
93,290,1093342085
93,373,1093342108
93,437,1093342123
93,270,1093343045
93,123,1093343122
93,863,1093343168
93,287,1093343271
742,703,1093351787
742,598,1093351889
742,557,1093351937
742,597,1093352064
742,206,1093352682
192,545,1093356307
870,734,1093358166
870,557,1093358215
585,739,1093358786
870,179,1093358884
742,179,1093360348
18,240,1093360387
395,734,1093360593
9,597,1093363005
9,703,1093363084
9,703,1093363144
742,703,1093364336
205,99,1093364577
141,545,1093367086
49,106,1093368694
686,734,1093370154
97,33,1093370744
97,592,1093370789
93,598,1093371624
93,597,1093371702
93,703,1093371776
9,597,1093371845
93,557,1093371855
9,703,1093371874
93,703,1093372083
93,703,1093372097
93,597,1093372170
39,373,1093372806
742,597,1093373779
858,31,1093373913
742,788,1093374912
742,759,1093375332
742,759,1093375416
9,597,1093376131
9,759,1093376147
9,703,1093376199
585,739,1093377794
800,829,1093378424
742,759,1093379700
709,592,1093380851
400,96,1093381334
400,96,1093381421
400,788,1093381626
405,776,1093382715
18,96,1093384756
18,96,1093385302
395,734,1093389596
93,597,1093393363
93,703,1093393393
93,373,1093393741
93,759,1093393869
197,106,1093395003
9,597,1093395029
652,870,1093395208
673,676,1093395425
686,96,1093395722
188,99,1093395763
153,395,1093395903
686,96,1093396531
18,96,1093396687
686,96,1093396782
18,96,1093396895
686,96,1093396922
18,96,1093397082
686,96,1093397519
686,96,1093397570
18,96,1093397572
367,870,1093398495
18,96,1093398498
686,96,1093398559
686,96,1093399078
18,96,1093399499
93,597,1093400502
93,870,1093400595
829,428,1093400975
283,184,1093402339
49,106,1093405502
630,855,1093405576
39,373,1093408280
135,782,1093409815
630,357,1093410206
834,290,1093410559
239,290,1093410826
579,738,1093410866
833,643,1093410904
833,445,1093410918
833,54,1093410927
579,33,1093411030
579,759,1093411221
141,759,1093411419
833,858,1093411543
833,261,1093411579
141,545,1093411626
35,369,1093412920
35,369,1093412940
400,96,1093415704
400,96,1093416145
400,96,1093416375
624,186,1093417744
93,782,1093423407
93,290,1093423839
93,759,1093423868
592,540,1093427476
592,875,1093427501
592,99,1093427534
592,78,1093427544
592,292,1093427570
592,220,1093427598
592,60,1093427628
197,855,1093428733
93,60,1093430868
83,186,1093441007
83,33,1093441053
870,789,1093444469
871,392,1093449403
18,96,1093449778
834,290,1093450038
834,545,1093450097
360,387,1093450684
360,738,1093450758
255,776,1093453123
585,186,1093456346
630,186,1093456484
630,855,1093456668
9,703,1093457130
478,387,1093459194
93,96,1093459207
93,703,1093459261
93,290,1093459289
345,392,1093459560
9,387,1093460309
9,703,1093460331
39,369,1093461135
39,242,1093461181
39,78,1093461207
362,244,1093461882
362,867,1093461973
362,759,1093462054
362,435,1093462077
362,90,1093462126
362,197,1093462264
362,767,1093462335
205,99,1093462554
870,240,1093462639
573,493,1093463138
102,789,1093463875
518,387,1093465047
518,446,1093465080
268,776,1093465523
376,595,1093465547
173,36,1093465639
376,876,1093466379
93,197,1093466383
93,435,1093466416
93,759,1093466451
742,557,1093466512
93,703,1093466528
93,557,1093466558
376,598,1093466643
742,598,1093466813
742,858,1093466970
18,240,1093467338
93,598,1093467725
239,431,1093467850
562,247,1093467850
9,703,1093468134
93,703,1093469393
696,392,1093471145
141,545,1093472061
285,788,1093476185
742,598,1093478885
742,703,1093478995
9,703,1093479099
93,703,1093479181
93,598,1093479241
742,703,1093479245
93,703,1093479315
742,703,1093479366
870,240,1093479469
742,222,1093479513
742,373,1093479665
742,598,1093479758
9,703,1093479935
742,154,1093479965
742,703,1093480018
742,597,1093480164
742,81,1093480300
279,182,1093480750
9,597,1093481432
93,373,1093481479
93,222,1093481503
93,597,1093481544
93,703,1093481563
9,222,1093481590
93,598,1093481596
9,597,1093481624
9,81,1093481661
93,222,1093481678
93,597,1093481696
9,597,1093481717
363,867,1093481758
363,867,1093481773
9,703,1093481775
363,867,1093481788
93,703,1093481814
93,597,1093481836
742,597,1093481850
9,597,1093481884
93,597,1093481893
9,597,1093481953
93,597,1093481983
742,597,1093482120
742,703,1093482161
742,373,1093482315
9,597,1093482369
742,81,1093482382
9,703,1093482413
9,81,1093482458
326,446,1093482549
742,81,1093482716
742,81,1093482770
9,81,1093482890
93,373,1093483296
93,597,1093483315
93,597,1093483329
93,703,1093483343
9,597,1093483483
93,597,1093483613
730,391,1093484061
400,788,1093488816
832,100,1093491478
347,556,1093494269
518,431,1093495077
834,545,1093495298
12,876,1093496605
624,186,1093497569
18,240,1093497987
630,186,1093499155
630,557,1093499403
686,96,1093500124
686,96,1093500192
686,96,1093500587
18,96,1093506044
18,96,1093506602
861,36,1093512514
861,119,1093513397
861,62,1093513437
742,557,1093525276
742,636,1093525487
742,759,1093525764
742,507,1093525861
742,671,1093525921
742,81,1093526062
870,557,1093528419
870,240,1093528513
870,36,1093528525
531,320,1093528586
531,870,1093528730
478,387,1093529727
478,387,1093529742
585,105,1093535161
285,788,1093535646
9,119,1093540560
9,81,1093540576
9,507,1093540679
9,636,1093540733
9,870,1093540845
18,240,1093541392
18,96,1093541903
102,869,1093543551
871,36,1093544267
93,96,1093547708
93,671,1093547786
93,759,1093547805
93,507,1093547848
93,636,1093547894
93,557,1093547954
93,870,1093548036
870,557,1093548759
9,636,1093548767
9,870,1093548785
870,240,1093549689
870,96,1093549853
695,106,1093551899
93,870,1093553456
93,636,1093553620
93,557,1093553673
742,557,1093553812
742,557,1093553907
93,557,1093553917
93,557,1093553947
131,224,1093555621
362,759,1093555648
362,197,1093555747
686,96,1093555855
18,240,1093555894
346,240,1093556248
686,96,1093556281
18,96,1093556353
18,96,1093556642
93,197,1093556723
93,759,1093556760
18,240,1093556913
400,96,1093558073
400,96,1093558292
742,788,1093558413
400,296,1093558651
400,788,1093558774
742,81,1093558954
538,296,1093559278
742,557,1093559306
742,597,1093559640
742,507,1093559801
742,703,1093560037
742,636,1093560139
9,507,1093560522
9,703,1093561178
9,376,1093561822
870,240,1093563468
285,788,1093564980
93,96,1093565018
9,288,1093565069
93,96,1093565183
93,96,1093565284
93,96,1093565391
50,154,1093565452
93,376,1093565545
93,597,1093565576
93,507,1093565628
93,557,1093565665
93,636,1093565687
93,703,1093565708
686,96,1093565893
686,96,1093566100
18,96,1093566117
686,96,1093566235
9,376,1093566345
9,597,1093566362
686,96,1093566389
742,154,1093566736
742,557,1093566906
93,96,1093567109
870,96,1093567116
93,96,1093567292
870,96,1093567361
93,96,1093567466
870,96,1093567487
93,376,1093567849
93,597,1093567906
93,557,1093567988
811,119,1093568607
9,119,1093568997
742,557,1093569209
870,734,1093569302
9,597,1093569712
742,597,1093569788
9,597,1093569906
742,597,1093570075
9,597,1093570268
515,518,1093570890
93,597,1093571425
93,557,1093571442
384,869,1093573538
18,96,1093573999
18,96,1093574306
9,597,1093574550
18,96,1093574649
18,96,1093575160
870,96,1093575418
93,96,1093575682
93,96,1093575829
93,96,1093575904
18,96,1093575950
93,96,1093576036
93,597,1093578025
870,96,1093579632
870,556,1093579687
870,376,1093579724
18,96,1093580524
363,734,1093580673
164,99,1093581600
164,320,1093581715
164,94,1093582011
405,530,1093582139
870,734,1093582781
696,154,1093583616
872,99,1093583978
844,360,1093585841
188,99,1093586941
686,240,1093587177
18,240,1093588424
93,96,1093594491
93,96,1093594514
173,288,1093594679
93,376,1093594854
93,240,1093595040
90,867,1093597799
550,641,1093599931
550,479,1093600229
742,479,1093615070
742,257,1093615150
742,154,1093615175
742,597,1093616972
742,222,1093617685
193,260,1093618770
400,96,1093626276
400,296,1093626681
91,154,1093626723
400,296,1093626745
91,686,1093626857
18,96,1093630221
276,391,1093630739
538,296,1093631092
18,240,1093631405
173,895,1093633478
164,637,1093633704
93,240,1093635089
93,222,1093635120
93,597,1093635168
93,686,1093635202
742,597,1093637513
93,597,1093637691
630,417,1093638660
686,96,1093639210
844,782,1093643403
255,867,1093645171
18,96,1093645280
800,782,1093647336
198,734,1093649179
93,782,1093652564
264,31,1093653263
870,734,1093654791
346,376,1093655264
50,154,1093656381
858,31,1093657746
870,391,1093658174
92,99,1093659065
93,376,1093659157
872,99,1093661205
870,497,1093661563
400,96,1093666706
205,417,1093667795
250,349,1093668092
93,349,1093668138
250,349,1093668346
250,544,1093668660
250,431,1093668793
18,96,1093669791
93,349,1093670060
686,96,1093672153
686,544,1093672246
686,154,1093672339
686,94,1093672401
18,240,1093673873
18,96,1093674255
18,708,1093674370
164,99,1093674760
12,417,1093674763
12,99,1093674804
164,362,1093674840
630,417,1093676305
443,431,1093676714
394,725,1093678216
93,96,1093678355
93,154,1093678435
93,240,1093678494
394,240,1093678530
686,240,1093684617
90,81,1093688736
742,154,1093703463
870,240,1093703945
870,96,1093703990
18,240,1093707308
18,240,1093707698
18,240,1093708177
18,240,1093708344
872,99,1093708574
872,362,1093708626
91,154,1093708825
91,686,1093708872
91,734,1093709026
239,240,1093709534
239,240,1093709567
205,417,1093710255
205,99,1093710313
394,240,1093711012
394,240,1093711834
9,349,1093711922
363,734,1093712264
18,240,1093712805
18,240,1093713248
18,240,1093713430
18,240,1093713970
384,2,1093714030
394,240,1093714465
285,598,1093714606
285,296,1093714620
394,240,1093714635
394,240,1093714757
634,362,1093714841
18,240,1093715193
538,296,1093716336
406,81,1093717610
686,240,1093720308
686,240,1093720641
686,240,1093720808
686,154,1093721038
201,370,1093721473
201,288,1093721535
201,206,1093721672
18,240,1093721691
91,734,1093721694
91,734,1093721762
18,240,1093722104
18,240,1093722405
259,708,1093722628
201,288,1093722751
753,713,1093725056
93,96,1093726016
93,349,1093726048
93,686,1093726246
93,686,1093726281
93,598,1093726338
47,2,1093730120
679,530,1093733883
679,81,1093734038
400,96,1093735022
846,154,1093738628
870,240,1093739576
870,240,1093739646
93,96,1093741595
255,876,1093741643
393,734,1093744585
18,240,1093747828
141,585,1093748156
870,240,1093749313
870,240,1093749349
870,734,1093749551
489,182,1093749869
400,296,1093750014
400,585,1093750347
18,240,1093750348
93,585,1093750834
898,236,1093753601
806,759,1093755784
696,392,1093756255
696,357,1093756361
696,94,1093756718
696,154,1093756857
93,759,1093759315
538,296,1093760477
871,417,1093760906
871,81,1093761130
39,370,1093763440
12,99,1093769433
12,229,1093771338
363,734,1093781220
870,734,1093787963
870,240,1093792344
205,229,1093795982
205,99,1093796039
624,53,1093799966
18,96,1093803167
18,240,1093803342
515,53,1093803545
247,417,1093805139
588,549,1093806332
337,703,1093806554
752,788,1093807119
752,708,1093807286
752,858,1093807403
752,858,1093807410
752,741,1093807456
752,284,1093807476
752,559,1093807507
18,708,1093807891
173,423,1093814249
367,703,1093814748
367,379,1093815271
405,417,1093818689
48,105,1093820035
870,423,1093822333
825,288,1093823077
825,855,1093823144
812,734,1093826924
846,154,1093831880
585,105,1093832844
585,105,1093832942
93,96,1093833202
93,703,1093833297
9,349,1093835564
9,530,1093835597
9,81,1093835671
9,703,1093835794
730,431,1093836080
686,96,1093836350
686,154,1093836412
870,734,1093836942
696,154,1093839653
107,829,1093840027
395,858,1093840743
102,869,1093841100
102,388,1093841150
102,86,1093841207
102,515,1093841427
164,362,1093843371
164,81,1093843580
164,99,1093843820
50,154,1093843952
50,444,1093844035
187,150,1093844586
496,182,1093847380
39,156,1093847623
39,206,1093847675
582,81,1093849023
592,372,1093850319
844,782,1093874115
745,538,1093881661
239,182,1093884128
496,182,1093887436
753,236,1093891681
93,349,1093891900
93,782,1093891924
93,515,1093891950
93,703,1093891980
93,388,1093892005
753,236,1093892095
400,96,1093896731
812,734,1093896749
93,96,1093897076
173,388,1093899140
395,734,1093899454
395,386,1093899564
93,388,1093899576
173,388,1093899645
93,388,1093899677
102,515,1093901205
102,388,1093901239
346,376,1093901500
346,150,1093901730
93,376,1093902088
93,515,1093902108
93,388,1093902127
247,515,1093903196
93,515,1093903494
49,515,1093907435
336,240,1093907763
93,515,1093908195
93,515,1093908198
164,81,1093909133
870,734,1093911444
870,240,1093911642
870,388,1093911704
393,734,1093912228
93,388,1093912344
102,515,1093912434
102,388,1093912567
102,388,1093912660
93,388,1093912750
93,388,1093912847
102,388,1093912852
93,515,1093912977
93,388,1093913033
205,99,1093917894
205,99,1093917913
395,734,1093920184
12,99,1093920313
742,598,1093920453
164,99,1093923000
93,598,1093923394
247,515,1093923442
742,598,1093923790
652,92,1093924187
742,703,1093924208
870,734,1093924219
652,703,1093924251
652,62,1093924290
742,759,1093924337
652,81,1093924371
742,703,1093924399
652,703,1093924467
696,734,1093924657
742,703,1093924679
93,92,1093924708
93,515,1093925046
93,759,1093925504
93,703,1093925670
93,598,1093925760
499,627,1093925800
93,627,1093925985
686,734,1093926970
49,515,1093927220
259,96,1093927368
49,515,1093927513
239,627,1093928301
400,96,1093929469
259,96,1093930249
259,96,1093930534
259,96,1093930549
259,708,1093930660
141,92,1093931862
347,556,1093932254
93,92,1093932323
93,515,1093932452
870,734,1093934157
870,627,1093934291
93,627,1093934369
742,598,1093955067
742,703,1093955151
742,507,1093955379
752,788,1093958390
283,538,1093962924
730,240,1093967819
730,240,1093967844
730,240,1093967868
730,240,1093967888
730,240,1093967910
730,96,1093968215
247,515,1093968566
730,84,1093968687
730,84,1093968772
730,84,1093968821
730,84,1093968982
400,96,1093971225
259,96,1093979382
696,734,1093979419
259,96,1093979944
259,96,1093980213
255,598,1093980757
346,734,1093981332
50,360,1093981830
515,360,1093982083
515,360,1093982119
363,734,1093983979
12,91,1093984159
237,452,1093984716
237,777,1093984946
12,486,1093985236
49,515,1093986731
91,154,1093987424
91,686,1093987634
91,444,1093987781
91,734,1093988023
730,389,1093988366
173,389,1093988700
730,96,1093990671
730,96,1093990962
521,239,1093991709
730,96,1093992513
730,96,1093992619
395,734,1093993737
686,96,1093994237
870,734,1093994383
686,708,1093994394
686,96,1093994595
686,96,1093994921
686,389,1093995049
395,734,1093995180
93,507,1093995191
93,703,1093995257
686,734,1093995287
395,734,1093995390
93,686,1093995529
870,734,1093995609
93,389,1093995620
93,515,1093996287
93,598,1093996351
395,734,1093996547
