37,40,1,965100000
37,40,1,965100000
48,142,1,965102460
48,136,1,965102460
48,136,1,965102460
142,48,1,965104080
142,136,1,965104080
142,136,1,965104080
48,136,1,965104200
48,27,1,965104200
48,13,1,965104200
48,107,1,965104200
107,48,1,965104380
13,48,1,965104680
48,107,1,965105160
107,48,1,965105400
48,136,1,965109000
48,27,1,965109000
48,13,1,965109000
136,48,1,965110260
48,67,1,965110440
48,147,1,965110440
48,50,1,965110440
48,67,1,965110440
48,147,1,965110440
48,50,1,965110440
48,67,1,965110440
48,147,1,965110440
48,50,1,965110440
49,32,1,965112780
67,48,1,965117760
67,48,1,965117760
147,48,1,965120700
147,48,1,965120700
147,48,1,965120700
147,48,1,965120700
137,49,1,965122860
137,49,1,965122860
125,61,1,965177220
44,104,1,965178180
48,136,1,965182020
48,27,1,965182020
48,13,1,965182020
32,18,1,965192580
32,19,1,965192580
32,137,1,965192580
32,68,1,965192580
32,66,1,965192580
32,2,1,965192580
32,70,1,965192580
32,4,1,965192580
32,28,1,965192580
32,49,1,965192580
32,20,1,965192580
48,147,1,965199120
48,50,1,965201520
48,50,1,965201520
2,70,1,965204580
11,75,1,965207880
2,70,1,965209200
2,49,1,965209200
2,70,1,965209200
2,49,1,965209200
48,136,1,965210280
48,27,1,965210280
48,13,1,965210280
49,137,1,965212860
49,137,1,965212860
44,104,1,965262240
118,101,1,965262960
125,61,1,965266320
48,136,1,965268720
61,125,1,965271900
61,125,1,965271900
96,47,1,965273820
49,141,1,965276460
49,2,1,965276460
49,70,1,965276460
49,141,1,965276460
49,2,1,965276460
49,70,1,965276460
49,141,1,965276460
49,2,1,965276460
49,70,1,965276460
49,141,1,965276460
49,2,1,965276460
49,70,1,965276460
141,49,1,965283360
141,2,1,965283360
141,70,1,965283360
141,49,1,965283360
141,2,1,965283360
141,70,1,965283360
67,147,1,965284260
48,48,1,965288940
48,48,1,965288940
48,48,1,965288940
48,48,1,965288940
118,101,1,965290260
118,101,1,965290500
137,141,1,965290560
137,2,1,965290560
137,49,1,965290560
137,141,1,965290560
137,2,1,965290560
137,49,1,965290560
137,141,1,965291040
137,2,1,965291040
137,49,1,965291040
137,141,1,965291040
137,2,1,965291040
137,49,1,965291040
48,136,1,965295180
48,27,1,965295180
48,13,1,965295180
44,78,1,965296080
137,141,1,965299980
137,2,1,965299980
137,49,1,965299980
137,141,1,965299980
137,2,1,965299980
137,49,1,965299980
107,78,1,965353200
107,78,1,965353200
107,78,1,965353200
107,78,1,965353200
48,67,1,965355360
48,147,1,965355360
48,50,1,965355360
48,67,1,965355360
48,147,1,965355360
48,50,1,965355360
67,48,1,965357040
67,48,1,965357040
48,107,1,965357940
48,78,1,965357940
147,48,1,965364720
147,48,1,965364720
147,48,1,965364840
147,48,1,965364840
147,48,1,965364900
147,48,1,965364900
147,48,1,965365080
147,48,1,965365080
147,48,1,965365080
147,48,1,965365080
147,67,1,965365440
147,67,1,965365440
123,122,1,965382780
123,122,1,965382780
48,136,1,965383920
48,27,1,965383920
48,13,1,965383920
48,67,1,965384040
48,147,1,965384040
48,50,1,965384040
48,67,1,965384040
48,147,1,965384040
48,50,1,965384040
48,67,1,965384040
48,147,1,965384040
48,50,1,965384040
75,11,1,965384100
75,16,1,965384100
75,75,1,965384100
75,11,1,965384100
75,16,1,965384100
75,75,1,965384100
75,11,1,965384100
75,16,1,965384100
75,75,1,965384100
75,11,1,965384100
75,16,1,965384100
75,75,1,965384100
75,11,1,965385960
75,16,1,965385960
75,75,1,965385960
75,11,1,965385960
75,16,1,965385960
75,75,1,965385960
75,11,1,965385960
75,16,1,965385960
75,75,1,965385960
75,11,1,965385960
75,16,1,965385960
75,75,1,965385960
67,48,1,965612220
67,50,1,965612220
67,48,1,965612220
67,50,1,965612220
114,114,1,965612460
114,114,1,965612520
70,32,1,965613120
27,48,1,965616420
27,48,1,965616420
48,67,1,965617500
48,67,1,965617500
48,67,1,965618700
48,67,1,965618700
48,67,1,965618700
48,67,1,965618700
125,61,1,965619060
48,50,1,965619180
48,50,1,965619180
48,50,1,965619180
48,67,1,965620320
48,67,1,965620320
48,67,1,965620320
48,67,1,965620320
48,67,1,965620320
48,67,1,965620320
48,67,1,965620320
48,67,1,965620320
67,48,1,965622000
67,48,1,965622000
67,48,1,965622000
67,48,1,965622000
48,107,1,965622240
48,78,1,965622240
125,61,1,965623860
61,125,1,965624280
125,61,1,965627520
125,61,1,965634600
61,125,1,965634660
61,125,1,965635560
61,125,1,965635560
48,27,1,965636580
125,61,1,965637060
61,125,1,965637180
61,125,1,965637180
125,61,1,965638500
125,125,1,965638500
125,125,1,965638500
61,125,1,965638620
73,69,1,965650980
48,136,1,965699460
48,27,1,965699460
48,13,1,965699460
20,2,1,965699940
20,19,1,965699940
20,70,1,965699940
20,141,1,965699940
67,50,1,965700480
67,48,1,965703660
67,50,1,965703660
67,48,1,965703660
67,50,1,965703660
67,48,1,965703660
67,50,1,965703660
67,48,1,965703660
67,50,1,965703660
76,142,1,965703660
76,136,1,965703660
48,50,1,965706000
48,50,1,965706000
48,67,1,965716980
48,147,1,965716980
48,50,1,965716980
44,150,1,965717100
48,136,1,965730480
48,27,1,965730480
48,13,1,965730480
44,54,1,965732040
49,141,1,965732460
70,2,1,965792340
70,2,1,965792340
2,18,1,965792880
2,18,1,965792880
73,69,1,965793240
147,48,1,965793600
147,48,1,965793600
147,48,1,965793600
147,48,1,965793600
44,150,1,965794380
96,47,1,965795040
96,17,1,965795040
48,107,1,965795220
48,78,1,965795220
70,2,1,965799480
137,49,1,965803800
137,32,1,965803800
137,32,1,965803800
48,50,1,965807400
122,128,1,965808600
122,145,1,965808600
122,56,1,965808600
122,57,1,965808600
48,136,1,965872500
48,27,1,965872500
48,13,1,965872500
73,69,1,965877120
73,69,1,965879160
114,81,1,965879400
76,136,1,965882460
114,81,1,965885040
114,81,1,965885040
147,48,1,965892420
147,48,1,965892420
147,48,1,965892420
147,48,1,965892420
125,61,1,965894580
48,136,1,965900100
48,27,1,965900100
48,13,1,965900100
49,19,1,965904720
49,141,1,965904720
49,2,1,965904720
49,70,1,965904720
49,19,1,965904720
49,141,1,965904720
49,2,1,965904720
49,70,1,965904720
125,61,1,965953500
150,107,1,965958240
150,78,1,965958240
150,45,1,965958240
61,25,1,965963100
67,50,1,965968500
67,50,1,965968500
49,32,1,965977920
125,61,1,965978760
67,50,1,965987880
67,50,1,965987880
73,69,1,965995800
73,69,1,965995800
137,141,1,966143640
137,19,1,966143640
137,49,1,966143640
137,49,1,966143640
137,49,1,966147900
137,141,1,966147900
137,19,1,966147900
137,32,1,966147900
137,49,1,966147900
137,141,1,966147900
137,19,1,966147900
137,32,1,966147900
17,37,1,966177120
125,61,1,966216000
61,125,1,966216900
61,125,1,966217800
61,125,1,966217800
125,61,1,966218160
125,61,1,966218160
125,61,1,966219360
61,125,1,966221940
61,125,1,966221940
61,25,1,966222120
76,136,1,966228360
58,96,1,966228840
58,96,1,966228840
61,61,1,966229200
27,27,1,966247860
27,27,1,966247860
96,44,1,966249180
96,104,1,966249180
9,48,1,966302460
9,67,1,966302460
9,50,1,966302460
9,147,1,966302460
31,66,1,966308220
48,136,1,966321300
48,27,1,966321300
48,13,1,966321300
48,136,1,966321480
48,27,1,966321480
48,13,1,966321480
48,13,1,966322140
19,2,1,966322140
19,70,1,966322140
19,141,1,966322140
19,141,1,966322140
13,48,1,966323520
96,62,1,966324120
67,50,1,966324300
67,9,1,966324300
48,13,1,966326400
76,40,1,966329280
76,40,1,966329280
61,125,1,966331140
61,25,1,966331140
61,40,1,966331140
48,67,1,966331860
48,147,1,966331860
48,50,1,966331860
48,50,1,966333360
48,9,1,966333360
48,67,1,966334980
48,147,1,966334980
48,50,1,966334980
48,9,1,966334980
48,136,1,966335040
48,27,1,966335040
48,13,1,966335040
48,48,1,966362400
44,78,1,966385260
48,50,1,966394200
48,9,1,966394200
17,21,1,966402240
44,78,1,966402480
139,73,1,966406260
139,69,1,966406260
139,73,1,966406260
139,69,1,966406260
48,9,1,966406800
48,67,1,966406800
48,9,1,966406800
48,67,1,966406800
48,9,1,966406800
48,67,1,966406800
48,9,1,966406800
48,67,1,966406800
96,47,1,966415680
96,17,1,966415680
96,44,1,966415680
96,62,1,966415680
96,104,1,966415680
137,4,1,966418860
137,32,1,966418860
137,32,1,966418860
48,136,1,966421440
48,27,1,966421440
48,13,1,966421440
73,69,1,966424140
11,142,1,966475320
48,136,1,966478800
48,27,1,966478800
48,13,1,966478800
11,142,1,966479760
107,78,1,966483420
107,78,1,966483420
107,78,1,966483420
107,78,1,966483420
49,32,1,966486420
49,141,1,966486420
119,108,1,966488100
125,61,1,966489360
67,50,1,966490980
44,107,1,966493020
44,78,1,966493020
70,2,1,966493140
70,2,1,966493140
139,130,1,966496260
139,132,1,966496260
139,1,1,966496260
139,1,1,966496800
48,67,1,966498780
48,147,1,966498780
48,50,1,966498780
48,9,1,966498780
49,70,1,966501840
49,70,1,966501840
48,136,1,966502020
48,136,1,966504240
67,50,1,966505200
48,50,1,966505860
48,136,1,966508560
48,27,1,966508560
48,13,1,966508560
76,11,1,966511500
76,75,1,966565380
76,75,1,966565380
13,48,1,966567540
147,50,1,966567840
147,67,1,966567840
147,50,1,966567840
147,67,1,966567840
76,11,1,966568740
76,75,1,966568740
76,11,1,966568740
76,75,1,966568740
125,61,1,966569580
61,125,1,966570300
76,11,1,966571800
125,61,1,966574980
28,28,1,966586620
28,70,1,966586620
28,49,1,966586620
28,2,1,966586620
28,70,1,966586620
28,49,1,966586620
28,2,1,966586620
76,136,1,966588600
122,128,1,966597000
122,145,1,966597000
122,56,1,966597000
122,57,1,966597000
125,61,1,966763800
67,48,1,966821040
67,48,1,966821040
125,61,1,966822060
67,9,1,966822960
9,67,1,966823740
48,136,1,966823800
48,27,1,966823800
48,13,1,966823800
48,67,1,966824040
48,67,1,966824040
67,9,1,966825660
125,61,1,966826920
125,61,1,966828120
61,125,1,966829860
76,136,1,966831360
11,75,1,966834180
96,17,1,966834480
44,104,1,966836940
44,102,1,966836940
44,62,1,966836940
48,67,1,966838980
48,147,1,966838980
48,50,1,966838980
48,9,1,966838980
67,48,1,966840720
67,48,1,966840720
19,2,1,966841320
19,70,1,966841320
19,141,1,966841320
19,2,1,966841320
19,70,1,966841320
19,141,1,966841320
76,136,1,966841440
114,81,1,966842400
114,81,1,966842400
54,96,1,966843780
61,125,1,966843960
61,125,1,966843960
61,125,1,966846060
61,125,1,966846060
48,50,1,966849240
48,50,1,966849240
48,50,1,966849240
48,50,1,966849240
48,50,1,966849240
48,50,1,966849240
139,73,1,966880020
139,140,1,966880020
139,90,1,966880020
139,140,1,966880020
139,90,1,966880020
44,91,1,966902640
44,91,1,966902640
48,136,1,966909540
48,27,1,966909540
48,13,1,966909540
9,67,1,966909780
67,9,1,966911160
67,9,1,966911160
75,49,1,966916140
76,47,1,966919920
125,61,1,966924900
67,50,1,966925020
67,9,1,966925020
67,48,1,966925020
67,50,1,966925020
67,9,1,966925020
67,48,1,966925020
139,73,1,966925680
48,9,1,966926520
140,139,1,966927120
140,73,1,966927120
107,78,1,966929700
107,78,1,966929700
48,67,1,966935100
48,67,1,966935100
124,108,1,966936240
124,34,1,966936240
124,35,1,966936240
67,50,1,966936600
76,136,1,966940920
76,136,1,966940920
61,40,1,966989520
48,136,1,966994800
48,13,1,966994800
48,13,1,966997440
49,137,1,967002120
49,137,1,967002120
48,67,1,967004700
48,9,1,967004700
48,67,1,967004700
48,9,1,967004700
90,1,1,967005540
96,89,1,967006920
96,63,1,967006920
96,47,1,967006920
96,114,1,967006920
96,81,1,967006920
96,47,1,967007220
96,58,1,967007220
96,44,1,967007220
96,104,1,967007220
96,102,1,967007220
96,62,1,967007220
96,89,1,967007520
96,63,1,967007520
96,47,1,967007520
96,114,1,967007520
96,81,1,967007520
37,40,1,967008420
122,107,1,967009560
67,9,1,967013820
147,67,1,967014780
147,67,1,967014780
76,136,1,967016040
76,136,1,967016040
76,136,1,967017120
142,142,1,967021080
142,75,1,967021080
142,142,1,967021080
142,75,1,967021080
67,52,1,967025940
67,9,1,967026120
76,11,1,967026360
48,136,1,967029360
48,13,1,967029360
125,61,1,967076940
57,60,1,967078860
125,61,1,967079400
147,67,1,967079640
147,67,1,967079640
114,81,1,967083120
114,63,1,967083120
114,60,1,967083120
49,32,1,967083600
137,49,1,967085640
49,137,1,967085760
2,70,1,967089480
70,2,1,967092300
70,2,1,967092300
48,136,1,967110600
48,13,1,967110600
125,61,1,967165020
114,63,1,967166400
114,96,1,967166400
114,81,1,967166400
114,42,1,967166400
52,52,1,967175700
52,52,1,967175700
61,25,1,967178700
61,40,1,967178700
52,52,1,967180440
52,52,1,967180440
114,81,1,967191120
67,50,1,967194120
67,9,1,967194120
69,127,1,967199100
69,151,1,967199100
69,151,1,967199100
69,127,1,967199100
69,151,1,967199100
69,151,1,967199100
48,136,1,967200480
48,13,1,967200480
44,96,1,967356540
34,124,1,967371480
34,35,1,967371480
49,91,1,967428180
61,125,1,967433580
137,49,1,967438500
137,49,1,967438500
49,91,1,967441380
49,100,1,967441380
49,59,1,967442100
125,61,1,967446360
114,63,1,967450260
114,81,1,967450260
48,67,1,967451700
48,147,1,967451700
48,50,1,967451700
48,9,1,967451700
48,136,1,967452660
48,13,1,967452660
52,110,1,967452900
52,110,1,967452900
67,9,1,967454460
61,61,1,967454640
61,61,1,967454640
61,61,1,967455120
61,61,1,967455120
9,67,1,967455540
58,75,1,967456800
75,58,1,967458540
147,67,1,967511400
147,67,1,967511400
147,67,1,967511460
147,67,1,967511460
147,67,1,967511580
147,67,1,967511580
147,67,1,967511580
147,67,1,967511580
147,67,1,967511640
147,67,1,967511640
137,141,1,967517520
137,2,1,967517520
137,49,1,967517520
137,141,1,967517520
137,2,1,967517520
137,49,1,967517520
76,96,1,967517880
44,78,1,967518840
100,91,1,967519560
73,69,1,967519680
73,139,1,967519860
73,139,1,967519980
137,141,1,967529880
137,2,1,967529880
139,73,1,967530120
139,73,1,967530240
139,1,1,967530480
139,132,1,967530480
114,81,1,967535400
114,63,1,967535400
114,60,1,967535400
2,70,1,967538460
73,69,1,967538460
73,139,1,967538460
73,73,1,967540260
73,73,1,967540260
73,139,1,967540380
48,136,1,967540500
48,13,1,967540500
49,141,1,967544820
49,70,1,967544820
49,2,1,967544820
49,70,1,967544820
49,2,1,967544820
49,141,1,967544820
49,70,1,967544820
49,2,1,967544820
49,70,1,967544820
49,2,1,967544820
52,52,1,967547400
52,52,1,967547400
52,67,1,967550940
52,67,1,967550940
68,20,1,967563060
68,20,1,967563060
139,73,1,967572660
139,69,1,967572660
139,1,1,967572660
44,78,1,967595040
147,67,1,967597800
147,67,1,967597800
67,52,1,967598040
49,141,1,967598280
49,70,1,967598280
49,2,1,967598280
49,141,1,967598280
49,70,1,967598280
49,2,1,967598280
49,141,1,967598280
49,70,1,967598280
49,2,1,967598280
49,141,1,967598280
49,70,1,967598280
49,2,1,967598280
52,67,1,967600140
52,67,1,967600140
27,147,1,967600740
125,61,1,967602780
32,18,1,967604880
32,19,1,967604880
32,137,1,967604880
32,141,1,967604880
32,68,1,967604880
32,66,1,967604880
32,2,1,967604880
32,70,1,967604880
32,4,1,967604880
32,29,1,967604880
32,28,1,967604880
32,49,1,967604880
32,20,1,967604880
73,139,1,967607100
96,47,1,967607100
96,58,1,967607100
96,44,1,967607100
96,104,1,967607100
96,102,1,967607100
96,62,1,967607100
114,81,1,967608840
114,63,1,967608840
114,60,1,967608840
73,69,1,967609020
73,69,1,967609020
139,73,1,967611960
139,69,1,967611960
139,73,1,967611960
139,69,1,967611960
139,73,1,967612800
48,67,1,967615560
48,147,1,967615560
48,50,1,967615560
48,9,1,967615560
73,139,1,967616700
49,59,1,967617240
114,114,1,967618980
114,96,1,967618980
114,96,1,967618980
136,142,1,967621740
39,39,1,967622880
39,39,1,967622880
114,81,1,967623420
114,63,1,967623420
114,81,1,967623420
114,63,1,967623420
114,81,1,967623780
114,63,1,967623780
48,136,1,967627020
48,13,1,967627020
139,73,1,967628640
139,1,1,967628640
139,132,1,967628640
139,140,1,967628640
139,140,1,967628640
49,59,1,967628760
125,61,1,967683420
147,67,1,967685220
147,67,1,967685220
147,67,1,967685220
147,67,1,967685220
125,42,1,967687620
114,42,1,967687740
49,59,1,967690800
137,141,1,967693980
137,2,1,967693980
137,49,1,967693980
137,141,1,967693980
137,2,1,967693980
137,49,1,967693980
125,61,1,967698360
11,75,1,967703280
114,63,1,967703940
114,96,1,967703940
114,89,1,967703940
73,1,1,967705080
73,139,1,967705080
42,42,1,967705080
42,47,1,967705080
42,96,1,967705080
42,61,1,967705080
42,26,1,967705080
42,125,1,967705080
42,62,1,967705080
42,37,1,967705080
42,40,1,967705080
42,17,1,967705080
42,146,1,967705080
73,69,1,967716900
73,139,1,967730820
114,63,1,967770420
49,59,1,967770540
48,136,1,967773180
48,13,1,967773180
54,123,1,967775880
125,62,1,967777740
73,73,1,967778760
73,73,1,967778760
75,49,1,967781220
75,49,1,967781220
62,125,1,967782240
125,62,1,967782960
73,69,1,967789320
73,69,1,967789800
73,69,1,967789800
73,69,1,967791360
73,139,1,967791360
73,69,1,967791360
73,139,1,967791360
49,29,1,967793040
49,18,1,967793040
49,19,1,967793040
49,70,1,967793040
49,32,1,967793040
49,141,1,967793040
49,32,1,967793040
49,141,1,967793040
49,29,1,967793040
49,18,1,967793040
49,19,1,967793040
49,70,1,967793040
49,32,1,967793040
49,141,1,967793040
49,32,1,967793040
49,141,1,967793040
73,69,1,967794120
73,69,1,967794120
48,136,1,967799100
48,13,1,967799100
49,70,1,967800060
73,73,1,967800960
73,73,1,967800960
73,49,1,967801140
75,11,1,967805940
73,69,1,967806840
73,73,1,967808580
73,73,1,967808580
69,73,1,967879560
69,73,1,967879560
125,61,1,968116500
125,61,1,968116500
125,61,1,968118840
125,61,1,968118900
9,67,1,968119320
114,63,1,968120340
67,9,1,968121300
48,67,1,968122260
48,67,1,968122260
125,62,1,968126760
62,125,1,968128080
114,81,1,968130960
137,141,1,968134620
137,2,1,968134620
137,70,1,968134620
137,19,1,968134620
137,49,1,968134620
137,32,1,968134620
137,141,1,968134620
137,2,1,968134620
137,70,1,968134620
137,19,1,968134620
137,49,1,968134620
137,32,1,968134620
73,73,1,968134680
73,73,1,968134680
32,137,1,968135280
32,141,1,968135280
32,2,1,968135280
32,70,1,968135280
32,19,1,968135280
32,49,1,968135280
32,141,1,968135280
32,2,1,968135280
32,70,1,968135280
32,19,1,968135280
32,49,1,968135280
73,139,1,968137500
125,61,1,968140620
73,69,1,968142780
73,69,1,968142780
125,61,1,968143080
137,73,1,968144280
137,73,1,968144280
125,61,1,968144580
61,125,1,968146680
139,73,1,968146680
125,61,1,968147040
73,139,1,968147400
48,136,1,968147460
48,13,1,968147460
73,139,1,968152200
73,137,1,968152680
73,137,1,968152680
73,137,1,968153400
139,73,1,968158140
139,1,1,968158140
17,90,1,968197920
67,9,1,968203680
139,69,1,968205480
139,69,1,968205480
73,137,1,968208960
125,61,1,968212260
61,125,1,968214060
48,67,1,968215500
48,147,1,968215500
48,50,1,968215500
48,9,1,968215500
73,139,1,968224740
73,69,1,968224740
9,50,1,968226660
9,48,1,968226660
114,110,1,968227380
114,81,1,968227380
114,81,1,968227380
73,2,1,968228460
147,27,1,968231100
147,27,1,968231100
114,81,1,968231580
125,61,1,968233380
13,48,1,968234280
48,136,1,968235840
48,13,1,968235840
139,73,1,968239380
73,148,1,968240160
73,1,1,968240160
73,139,1,968240160
73,69,1,968240160
67,9,1,968240700
67,48,1,968241600
67,48,1,968241600
73,69,1,968248260
73,69,1,968248260
73,69,1,968250180
61,17,1,968288160
137,2,1,968289300
42,42,1,968290140
42,42,1,968290140
42,42,1,968291040
27,77,1,968293860
9,50,1,968294820
9,48,1,968294820
9,67,1,968294820
27,147,1,968295600
61,125,1,968296560
61,125,1,968296560
125,61,1,968296800
125,61,1,968296800
125,61,1,968296860
48,136,1,968297340
61,125,1,968298780
61,125,1,968298780
61,125,1,968298960
76,142,1,968299680
140,139,1,968299740
140,73,1,968299740
140,73,1,968300640
67,9,1,968301360
69,73,1,968307840
69,73,1,968307840
73,140,1,968308080
48,44,1,968309580
119,108,1,968311140
1,73,1,968313120
42,42,1,968313480
73,69,1,968318820
73,1,1,968318820
73,139,1,968318820
73,139,1,968320440
73,139,1,968320440
113,34,1,968321700
32,69,1,968322840
73,140,1,968331360
139,73,1,968331960
139,73,1,968346900
140,73,1,968373120
48,136,1,968378400
48,13,1,968378400
48,142,1,968380980
61,125,1,968382780
61,125,1,968382780
139,69,1,968384880
139,73,1,968384880
139,148,1,968384880
139,1,1,968384880
139,132,1,968384880
139,148,1,968384880
139,1,1,968384880
139,132,1,968384880
48,136,1,968385120
48,13,1,968385120
49,59,1,968387340
73,69,1,968388180
73,69,1,968388180
73,69,1,968388180
73,69,1,968388180
73,69,1,968388360
73,69,1,968392320
73,69,1,968392320
73,69,1,968392980
73,139,1,968392980
73,69,1,968392980
73,139,1,968392980
73,69,1,968392980
73,139,1,968392980
73,139,1,968393220
137,2,1,968393340
137,2,1,968393400
48,67,1,968394120
48,67,1,968394120
48,67,1,968394120
48,67,1,968394120
76,136,1,968394120
76,142,1,968394120
139,73,1,968394180
139,73,1,968395980
139,69,1,968395980
139,73,1,968395980
139,69,1,968395980
136,48,1,968400360
70,2,1,968402280
70,2,1,968402280
139,1,1,968405160
76,142,1,968408280
76,136,1,968408280
76,142,1,968408280
76,136,1,968408280
139,135,1,968411340
139,135,1,968411340
139,73,1,968413680
17,21,1,968584800
17,26,1,968584800
17,62,1,968585160
17,40,1,968592240
17,40,1,968592600
17,59,1,968592840
17,59,1,968593020
17,59,1,968593200
17,146,1,968593320
151,69,1,968628180
151,69,1,968628180
151,69,1,968628180
151,69,1,968628180
151,69,1,968628180
151,69,1,968628180
61,25,1,968636040
67,50,1,968638200
34,124,1,968641200
125,62,1,968645100
9,50,1,968646060
9,48,1,968646060
9,67,1,968646060
52,52,1,968649960
52,52,1,968649960
52,52,1,968649960
52,52,1,968649960
67,9,1,968653260
67,9,1,968653260
49,2,1,968655660
49,2,1,968655660
49,59,1,968658300
49,59,1,968659860
76,136,1,968661360
76,142,1,968661360
139,27,1,968663820
139,27,1,968663820
11,75,1,968664900
148,139,1,968671020
148,139,1,968671020
75,49,1,968674620
17,59,1,968688300
61,17,1,968720040
142,48,1,968721300
49,75,1,968721900
49,75,1,968721900
48,142,1,968723460
48,136,1,968723640
48,13,1,968723640
48,136,1,968724240
48,13,1,968724240
48,39,1,968728860
48,77,1,968728860
48,132,1,968728860
48,27,1,968728860
48,27,1,968728860
49,59,1,968729100
48,13,1,968731980
48,13,1,968731980
13,48,1,968733000
96,58,1,968736900
96,44,1,968736900
67,50,1,968745420
49,73,1,968747520
61,40,1,968754180
48,136,1,968756100
48,13,1,968756100
48,13,1,968756400
48,13,1,968756400
48,13,1,968756760
13,48,1,968757360
13,48,1,968757360
67,147,1,968758800
73,69,1,968773800
73,139,1,968773800
73,69,1,968773800
73,139,1,968773800
125,61,1,968808120
61,125,1,968809080
48,67,1,968809860
48,67,1,968809860
48,67,1,968809860
48,67,1,968809860
48,13,1,968810400
114,81,1,968810640
49,59,1,968811240
67,48,1,968813400
67,50,1,968813400
67,48,1,968813400
67,50,1,968813400
73,139,1,968818500
73,139,1,968818500
73,69,1,968818980
61,90,1,968824680
125,61,1,968827200
73,69,1,968833320
73,69,1,968833320
70,2,1,968836080
70,2,1,968836080
48,136,1,968837100
48,13,1,968837100
125,56,1,968841300
73,139,1,968844120
73,69,1,968844120
67,48,1,968845680
67,50,1,968845680
67,48,1,968845680
67,50,1,968845680
67,48,1,968845680
67,50,1,968845680
67,48,1,968845680
67,50,1,968845680
73,69,1,968859360
73,1,1,968859360
73,139,1,968859360
73,69,1,968859360
73,1,1,968859360
73,139,1,968859360
73,69,1,968859360
73,1,1,968859360
73,139,1,968859360
114,81,1,968892060
114,81,1,968892060
49,59,1,968899980
52,52,1,968900280
52,52,1,968900280
139,1,1,968902140
139,148,1,968902140
114,114,1,968913960
73,139,1,968918820
147,67,1,968918880
147,67,1,968918880
73,139,1,968919060
102,62,1,968920500
61,125,1,968923260
61,40,1,968923260
61,25,1,968923260
44,107,1,968923440
42,42,1,968925060
42,42,1,968926200
49,141,1,968926440
49,2,1,968926440
49,70,1,968926440
49,19,1,968926440
48,136,1,968926620
48,13,1,968926620
44,107,1,968930520
137,49,1,968979960
140,73,1,968983920
140,139,1,968983920
140,139,1,968983920
67,50,1,968984580
67,48,1,968984760
67,50,1,968984760
67,48,1,968984760
67,50,1,968984760
67,48,1,968984760
67,50,1,968984760
67,48,1,968984760
67,50,1,968984760
19,141,1,968991060
19,2,1,968991060
19,70,1,968991060
19,141,1,968991060
19,2,1,968991060
19,70,1,968991060
139,1,1,968997420
73,139,1,968998740
67,48,1,969008460
67,48,1,969008460
67,48,1,969009120
67,48,1,969009120
48,9,1,969010200
48,9,1,969010200
48,136,1,969010260
48,13,1,969010260
52,52,1,969010920
73,69,1,969013860
73,69,1,969014820
96,76,1,969195300
48,67,1,969242880
61,25,1,969247440
67,48,1,969250380
67,48,1,969250380
67,48,1,969250620
67,48,1,969250620
48,50,1,969253500
49,59,1,969254340
2,18,1,969256680
2,18,1,969256680
52,52,1,969256980
52,52,1,969256980
125,61,1,969260640
48,67,1,969260940
48,67,1,969260940
48,67,1,969260940
48,67,1,969260940
61,125,1,969261240
125,61,1,969262080
7,75,1,969265800
7,11,1,969265800
7,11,1,969265800
49,59,1,969265920
44,54,1,969267120
49,59,1,969267720
67,48,1,969269220
67,48,1,969269220
48,67,1,969269820
48,67,1,969269820
48,67,1,969269820
48,67,1,969269820
76,96,1,969270060
73,139,1,969270480
73,139,1,969270480
61,90,1,969270720
49,2,1,969271020
49,2,1,969271020
48,67,1,969272040
48,67,1,969272040
48,136,1,969272340
48,13,1,969272340
48,67,1,969275100
48,67,1,969275100
48,67,1,969275100
48,67,1,969275100
48,136,1,969328740
48,13,1,969328740
52,67,1,969329520
96,76,1,969330240
76,11,1,969331740
11,7,1,969335340
11,75,1,969335340
11,75,1,969335340
76,136,1,969336780
49,2,1,969337200
49,19,1,969338580
49,141,1,969338580
49,2,1,969338580
49,70,1,969338580
125,61,1,969339120
49,59,1,969341280
76,11,1,969347100
67,48,1,969348000
67,48,1,969348000
67,48,1,969348000
67,48,1,969348000
48,67,1,969350880
48,67,1,969350880
48,67,1,969350880
48,67,1,969350880
49,59,1,969351180
48,136,1,969354360
48,13,1,969354360
76,11,1,969358380
52,52,1,969358440
52,52,1,969358440
48,13,1,969359640
13,48,1,969360000
62,17,1,969360300
62,40,1,969360300
48,13,1,969360540
125,61,1,969412320
70,70,1,969415140
70,70,1,969415140
125,61,1,969416940
67,147,1,969417120
67,50,1,969417120
67,48,1,969417120
67,9,1,969417120
67,147,1,969417120
67,50,1,969417120
67,48,1,969417120
67,9,1,969417120
76,96,1,969417120
76,142,1,969422340
76,136,1,969422340
76,136,1,969422340
49,29,1,969422880
49,141,1,969422880
96,76,1,969427560
48,67,1,969429240
48,67,1,969429240
67,48,1,969436020
67,48,1,969436020
48,67,1,969436980
48,67,1,969436980
48,67,1,969437040
48,67,1,969437040
52,52,1,969437340
52,52,1,969437340
48,136,1,969441000
48,13,1,969441000
52,52,1,969449460
110,96,1,969499140
110,47,1,969499140
110,114,1,969499140
67,48,1,969504420
67,48,1,969504420
67,48,1,969504420
67,48,1,969504420
100,49,1,969504420
61,25,1,969506160
75,7,1,969506280
137,141,1,969506820
137,19,1,969506820
137,141,1,969508200
125,61,1,969512340
125,61,1,969513600
67,48,1,969514320
67,48,1,969514320
73,69,1,969516900
27,27,1,969517260
27,27,1,969517260
114,96,1,969517620
114,96,1,969517620
125,61,1,969522600
42,42,1,969525060
52,52,1,969526680
52,52,1,969526680
76,142,1,969527280
76,136,1,969527280
49,19,1,969530640
49,141,1,969530640
49,2,1,969530640
49,70,1,969530640
49,19,1,969530640
49,141,1,969530640
49,2,1,969530640
49,70,1,969530640
3,68,1,969537300
3,68,1,969537300
110,96,1,969538380
110,47,1,969538380
110,114,1,969538380
114,63,1,969582840
48,136,1,969584400
48,13,1,969584400
48,67,1,969585360
48,67,1,969585360
48,67,1,969585360
48,67,1,969585360
118,38,1,969585540
118,101,1,969585720
114,63,1,969593220
114,42,1,969593220
114,42,1,969593220
2,2,1,969595140
2,141,1,969595140
2,141,1,969595140
48,67,1,969604620
48,67,1,969604620
48,67,1,969604620
48,67,1,969604620
73,69,1,969604800
48,13,1,969607200
48,50,1,969607200
48,9,1,969607200
48,50,1,969607200
48,9,1,969607200
49,19,1,969608700
49,141,1,969608700
49,141,1,969608700
13,48,1,969609240
13,9,1,969609240
13,50,1,969609240
13,9,1,969609240
13,50,1,969609240
49,59,1,969612960
48,136,1,969615960
48,13,1,969615960
73,73,1,969621840
73,73,1,969621840
67,48,1,969623400
67,48,1,969623400
48,67,1,969623880
48,67,1,969623880
73,69,1,969630240
73,73,1,969774780
73,73,1,969774780
73,73,1,969774780
73,73,1,969774780
73,73,1,969775620
73,73,1,969775620
73,73,1,969775620
73,73,1,969775620
73,73,1,969775620
73,73,1,969775620
11,75,1,969847920
34,124,1,969848820
67,48,1,969850200
67,48,1,969850200
125,125,1,969850920
137,49,1,969851280
125,61,1,969851400
67,9,1,969852060
67,9,1,969852060
114,81,1,969853380
114,63,1,969853380
114,81,1,969858540
114,63,1,969858540
114,60,1,969858540
49,59,1,969858960
67,9,1,969861840
125,61,1,969862800
67,9,1,969863040
67,9,1,969863040
48,67,1,969871320
48,67,1,969871320
48,67,1,969871320
48,67,1,969871320
141,2,1,969871920
141,70,1,969871920
48,136,1,969873060
48,13,1,969873060
44,104,1,969875400
49,73,1,969875640
75,76,1,969875760
75,76,1,969875760
49,73,1,969876120
73,49,1,969876180
11,75,1,969877020
54,107,1,969883320
54,78,1,969883320
67,9,1,969930840
114,81,1,969932100
114,63,1,969932100
52,9,1,969934320
52,67,1,969934320
52,67,1,969934320
49,59,1,969934560
73,49,1,969937260
73,49,1,969937260
73,49,1,969938580
73,49,1,969938580
67,9,1,969940500
67,9,1,969943140
9,67,1,969943140
73,69,1,969951960
48,67,1,969955080
48,67,1,969955080
48,67,1,969955080
48,67,1,969955080
48,67,1,969955140
48,67,1,969955140
48,136,1,969959760
48,13,1,969959760
49,49,1,969964080
67,9,1,969965280
48,67,1,969967200
48,147,1,969967200
48,50,1,969967200
48,9,1,969967200
125,61,1,970017900
48,67,1,970019940
48,147,1,970019940
48,50,1,970019940
48,9,1,970019940
48,67,1,970019940
48,147,1,970019940
48,50,1,970019940
48,9,1,970019940
44,104,1,970027920
49,59,1,970028340
9,67,1,970029420
76,142,1,970031100
76,142,1,970031100
76,142,1,970031100
76,142,1,970031100
125,62,1,970031700
9,67,1,970032840
9,67,1,970032840
9,67,1,970033500
67,9,1,970033680
125,61,1,970034700
61,26,1,970035300
61,25,1,970035300
61,40,1,970035300
61,146,1,970035300
61,125,1,970035300
76,136,1,970038960
44,104,1,970043220
67,9,1,970047000
48,136,1,970048320
48,13,1,970048320
48,67,1,970055340
48,67,1,970055340
48,67,1,970055340
48,67,1,970055340
48,67,1,970055880
48,67,1,970055880
48,67,1,970055880
48,67,1,970055880
48,67,1,970056180
48,67,1,970056180
48,67,1,970056180
48,67,1,970056180
67,44,1,970056360
48,67,1,970106340
48,147,1,970106340
48,50,1,970106340
48,9,1,970106340
44,58,1,970106640
67,9,1,970107600
67,9,1,970107720
67,9,1,970107840
27,69,1,970108140
27,69,1,970108140
67,9,1,970108320
67,147,1,970108500
67,50,1,970108500
67,48,1,970108500
67,9,1,970108500
67,147,1,970108500
67,50,1,970108500
67,48,1,970108500
67,9,1,970108500
67,147,1,970108500
67,50,1,970108500
67,48,1,970108500
67,9,1,970108500
76,76,1,970109100
125,61,1,970109280
48,50,1,970109340
48,9,1,970109340
76,76,1,970109520
49,59,1,970109640
67,44,1,970109700
76,142,1,970109700
48,67,1,970110360
48,67,1,970110360
48,67,1,970110360
48,67,1,970110360
67,52,1,970110840
73,49,1,970113480
125,61,1,970117980
73,69,1,970120080
42,42,1,970128360
49,32,1,970129620
49,32,1,970129620
73,73,1,970132020
73,73,1,970132020
44,44,1,970132560
48,136,1,970132740
48,13,1,970132740
48,67,1,970132740
48,67,1,970132740
125,61,1,970133220
125,61,1,970133220
76,142,1,970135740
73,73,1,970136460
73,73,1,970136460
76,136,1,970136820
67,9,1,970137420
67,48,1,970137420
67,9,1,970137420
67,48,1,970137420
67,9,1,970138200
44,91,1,970138500
44,100,1,970138500
73,49,1,970144500
96,58,1,970187160
96,17,1,970187160
96,44,1,970187160
96,47,1,970187160
48,67,1,970192260
48,147,1,970192260
48,50,1,970192260
48,9,1,970192260
48,67,1,970192260
48,147,1,970192260
48,50,1,970192260
48,9,1,970192260
48,67,1,970192260
48,147,1,970192260
48,50,1,970192260
48,9,1,970192260
48,67,1,970192260
48,147,1,970192260
48,50,1,970192260
48,9,1,970192260
73,49,1,970195320
73,139,1,970196460
137,49,1,970197660
137,32,1,970197660
137,141,1,970197660
137,32,1,970197660
137,141,1,970197660
139,139,1,970202700
139,1,1,970202700
139,73,1,970202700
139,139,1,970202700
139,1,1,970202700
139,73,1,970202700
76,142,1,970211160
48,67,1,970212480
48,67,1,970212480
52,52,1,970213620
52,52,1,970213620
139,73,1,970214340
48,136,1,970215000
48,13,1,970215000
114,81,1,970217040
114,81,1,970217040
114,81,1,970217280
114,81,1,970217280
44,78,1,970221240
73,69,1,970225560
73,139,1,970225560
73,69,1,970225560
73,139,1,970225560
17,40,1,970414680
139,69,1,970450620
139,1,1,970450620
139,148,1,970450620
139,69,1,970450920
139,69,1,970450920
9,67,1,970454040
9,147,1,970454040
9,50,1,970454040
9,48,1,970454040
11,75,1,970454040
125,61,1,970457580
61,125,1,970458840
75,11,1,970460280
73,73,1,970461300
73,73,1,970461300
44,111,1,970463160
44,102,1,970463160
44,104,1,970463160
44,102,1,970463160
44,104,1,970463160
67,9,1,970471560
113,34,1,970478580
48,136,1,970482840
48,13,1,970482840
62,96,1,970483140
62,44,1,970483140
62,96,1,970483140
62,44,1,970483140
73,69,1,970486560
73,69,1,970486980
74,127,1,970494660
74,129,1,970494660
11,75,1,970536720
11,75,1,970536720
11,75,1,970536900
11,75,1,970536900
67,48,1,970537500
67,48,1,970537500
67,48,1,970537500
67,48,1,970537500
67,52,1,970538880
67,52,1,970538880
67,52,1,970538880
114,47,1,970542600
114,81,1,970542600
114,81,1,970542600
11,75,1,970544220
11,75,1,970544220
11,7,1,970549380
11,75,1,970549380
44,91,1,970555440
48,136,1,970558500
48,50,1,970558500
48,136,1,970558500
48,50,1,970558500
48,136,1,970558500
48,50,1,970558500
48,136,1,970558500
48,50,1,970558500
48,67,1,970561500
48,67,1,970561500
48,67,1,970561500
48,67,1,970561500
13,48,1,970561920
48,67,1,970562100
48,147,1,970562100
48,50,1,970562100
48,9,1,970562100
48,67,1,970562100
48,147,1,970562100
48,50,1,970562100
48,9,1,970562100
48,13,1,970562280
48,136,1,970567320
48,13,1,970567320
62,102,1,970569600
17,37,1,970586040
17,40,1,970586040
17,146,1,970586040
17,61,1,970586040
17,26,1,970586040
139,69,1,970623240
139,69,1,970623240
73,69,1,970625040
140,73,1,970625820
73,69,1,970627500
73,69,1,970627500
73,69,1,970627500
67,48,1,970633800
67,48,1,970633800
67,48,1,970633800
67,48,1,970633800
125,61,1,970639500
89,5,1,970640100
49,59,1,970642380
67,9,1,970643580
67,9,1,970643580
67,48,1,970644420
67,48,1,970644420
67,48,1,970645080
67,48,1,970645080
67,48,1,970645080
67,48,1,970645080
67,9,1,970645260
67,9,1,970647240
67,147,1,970647480
67,50,1,970647480
67,48,1,970647480
67,9,1,970647480
67,147,1,970647480
67,50,1,970647480
67,48,1,970647480
67,9,1,970647480
44,101,1,970651080
48,136,1,970653720
48,13,1,970653720
11,75,1,970653960
49,91,1,970660140
49,91,1,970660140
73,139,1,970679520
73,69,1,970679520
73,139,1,970679520
73,69,1,970679520
52,16,1,970710420
52,67,1,970711260
52,67,1,970711260
52,67,1,970711260
52,67,1,970711260
52,67,1,970711260
52,67,1,970711260
17,59,1,970720920
89,96,1,970726320
73,49,1,970728420
139,1,1,970728660
139,69,1,970728660
73,49,1,970728960
49,141,1,970730160
49,19,1,970730160
49,2,1,970730160
49,73,1,970730160
49,141,1,970730160
49,19,1,970730160
49,2,1,970730160
49,73,1,970730160
49,137,1,970731600
139,69,1,970733700
73,69,1,970734540
73,69,1,970734540
123,123,1,970793520
73,139,1,970801920
73,69,1,970801920
73,139,1,970801920
73,69,1,970801920
73,140,1,970807140
125,61,1,970808760
114,63,1,970812000
3,68,1,970813560
73,69,1,970818360
73,69,1,970819860
73,73,1,970828080
73,73,1,970828080
73,69,1,970829220
73,69,1,970829220
73,69,1,970829220
73,69,1,970829220
73,69,1,970829220
73,69,1,970829220
73,69,1,970888500
114,63,1,970978680
114,81,1,970978920
96,81,1,971000220
96,114,1,971000220
96,81,1,971000220
96,114,1,971000220
17,17,1,971014560
73,73,1,971023680
73,73,1,971023680
48,48,1,971028060
48,67,1,971055840
48,67,1,971055840
48,136,1,971056020
48,13,1,971056020
48,136,1,971056380
48,13,1,971056380
107,78,1,971057400
107,78,1,971057400
9,57,1,971057760
9,67,1,971057760
9,147,1,971057760
9,50,1,971057760
9,48,1,971057760
76,136,1,971058960
76,142,1,971058960
48,77,1,971061120
48,39,1,971061120
48,132,1,971061120
49,32,1,971064960
49,32,1,971066280
139,73,1,971068800
139,73,1,971068800
73,69,1,971075340
44,111,1,971078940
114,81,1,971082720
114,63,1,971082720
114,63,1,971083320
114,63,1,971083500
114,114,1,971083500
114,114,1,971083500
114,63,1,971083500
114,114,1,971083500
114,114,1,971083500
137,20,1,971084460
48,136,1,971138760
48,13,1,971138760
125,61,1,971144460
107,54,1,971145000
107,122,1,971145000
107,54,1,971145000
107,122,1,971145000
61,125,1,971146920
139,27,1,971148900
61,1,1,971150520
125,61,1,971158200
73,73,1,971159220
73,73,1,971159220
73,73,1,971159220
73,73,1,971159220
52,27,1,971162340
52,27,1,971162340
114,63,1,971163480
114,81,1,971163480
114,81,1,971163480
114,63,1,971163480
114,81,1,971163480
114,81,1,971163480
48,50,1,971168040
13,48,1,971168640
13,48,1,971168640
48,13,1,971168940
13,48,1,971169660
73,73,1,971171400
73,73,1,971171400
73,69,1,971172840
69,73,1,971172900
27,52,1,971173140
27,52,1,971173140
73,69,1,971175720
48,136,1,971176920
48,13,1,971176920
91,100,1,971227920
91,49,1,971227920
48,13,1,971229480
48,13,1,971229480
13,48,1,971229780
13,48,1,971229780
48,13,1,971230620
125,61,1,971230920
9,50,1,971235060
9,48,1,971235060
9,67,1,971235060
100,49,1,971235600
73,69,1,971244120
139,1,1,971245020
139,1,1,971245020
139,1,1,971245020
139,1,1,971245020
142,48,1,971247060
142,48,1,971247060
142,48,1,971247060
142,48,1,971247060
73,69,1,971249100
73,69,1,971249100
73,69,1,971249100
73,69,1,971250840
61,61,1,971252160
61,61,1,971252160
73,49,1,971258940
73,49,1,971258940
142,48,1,971259060
142,48,1,971259060
142,48,1,971259060
96,47,1,971304540
96,17,1,971304540
96,44,1,971304540
96,104,1,971304540
96,102,1,971304540
96,62,1,971304540
48,136,1,971315520
48,13,1,971315520
73,139,1,971318460
48,67,1,971320260
48,147,1,971320260
48,50,1,971320260
48,9,1,971320260
48,67,1,971322180
48,67,1,971322180
48,67,1,971322180
125,61,1,971324700
49,32,1,971326500
49,141,1,971326500
91,49,1,971327160
9,50,1,971328420
9,48,1,971328420
9,67,1,971328420
73,69,1,971329920
73,139,1,971329920
73,69,1,971329920
73,139,1,971329920
96,89,1,971330940
73,69,1,971331300
73,139,1,971331300
89,5,1,971331660
61,125,1,971337420
49,70,1,971337720
73,49,1,971337720
73,139,1,971338020
114,81,1,971340420
125,61,1,971343600
61,125,1,971344500
78,48,1,971347440
70,49,1,971397960
49,59,1,971399160
139,73,1,971404200
139,1,1,971404200
57,9,1,971405040
57,50,1,971405040
57,48,1,971405040
73,139,1,971406480
73,139,1,971406480
142,76,1,971407440
142,76,1,971407440
137,2,1,971408940
137,141,1,971408940
137,49,1,971408940
137,2,1,971408940
137,141,1,971408940
137,49,1,971408940
57,9,1,971409000
57,50,1,971409000
57,48,1,971409000
142,76,1,971411700
142,76,1,971411700
73,139,1,971411760
73,139,1,971413080
137,49,1,971413620
137,49,1,971413620
49,49,1,971413920
49,49,1,971413920
73,69,1,971423220
49,59,1,971425920
139,73,1,971426160
139,1,1,971426160
139,1,1,971426160
139,73,1,971426340
9,57,1,971427600
9,67,1,971427600
9,147,1,971427600
9,50,1,971427600
9,48,1,971427600
9,57,1,971430600
9,67,1,971430600
9,147,1,971430600
9,50,1,971430600
9,48,1,971430600
48,136,1,971431920
73,69,1,971435460
73,69,1,971435460
73,69,1,971435460
49,32,1,971600460
49,141,1,971600460
49,32,1,971600460
49,141,1,971600460
100,91,1,971603640
100,91,1,971604180
67,67,1,971632860
52,52,1,971660880
52,52,1,971660880
49,49,1,971661000
145,128,1,971662080
145,128,1,971662080
61,25,1,971666040
48,67,1,971668560
48,67,1,971668560
48,67,1,971668560
48,67,1,971668560
48,9,1,971668680
48,9,1,971668680
67,48,1,971669040
67,48,1,971669040
91,100,1,971671200
91,49,1,971671200
48,67,1,971678280
48,147,1,971678280
48,50,1,971678280
48,9,1,971678280
48,67,1,971678280
48,147,1,971678280
48,50,1,971678280
48,9,1,971678280
73,73,1,971682180
73,73,1,971682180
48,136,1,971686500
48,13,1,971686500
48,136,1,971686860
48,13,1,971686860
67,136,1,971687520
67,52,1,971687520
67,136,1,971687520
67,52,1,971687520
67,136,1,971687520
67,52,1,971687520
67,136,1,971687520
67,52,1,971687520
49,32,1,971688420
49,32,1,971688420
139,1,1,971692200
139,1,1,971692260
73,69,1,971700840
73,1,1,971700840
73,139,1,971700840
67,67,1,971712840
125,61,1,971745780
137,20,1,971746320
137,20,1,971746320
139,69,1,971751780
139,1,1,971751780
139,69,1,971751780
139,1,1,971751780
125,61,1,971752080
73,69,1,971753280
73,139,1,971753280
123,122,1,971756340
123,122,1,971756340
91,49,1,971758020
49,91,1,971758200
76,136,1,971759400
76,136,1,971759400
96,62,1,971759520
96,62,1,971759640
96,47,1,971759640
48,136,1,971762040
48,13,1,971762040
48,67,1,971764140
48,147,1,971764140
48,50,1,971764140
48,9,1,971764140
139,1,1,971766780
139,1,1,971766780
9,57,1,971769720
9,67,1,971769720
9,147,1,971769720
9,50,1,971769720
9,48,1,971769720
48,13,1,971770860
48,50,1,971770860
48,9,1,971770860
48,50,1,971770860
48,9,1,971770860
13,48,1,971771040
13,9,1,971771040
13,50,1,971771040
13,9,1,971771040
13,50,1,971771040
48,13,1,971771220
48,9,1,971771220
48,50,1,971771220
48,9,1,971771220
48,50,1,971771220
48,67,1,971772600
48,67,1,971772600
48,67,1,971772600
9,67,1,971777940
17,59,1,971780220
17,40,1,971780220
17,37,1,971780220
17,61,1,971780220
17,146,1,971780220
17,26,1,971780220
17,21,1,971780220
17,25,1,971780220
17,59,1,971780220
17,40,1,971780220
17,37,1,971780220
17,61,1,971780220
17,146,1,971780220
17,26,1,971780220
17,21,1,971780220
17,25,1,971780220
107,48,1,971780280
48,107,1,971833380
67,48,1,971834520
107,48,1,971840040
140,1,1,971840100
140,73,1,971840100
139,1,1,971840220
61,25,1,971841180
139,1,1,971841720
48,107,1,971843280
107,48,1,971843400
48,136,1,971846220
48,13,1,971846220
48,50,1,971848020
48,50,1,971848020
17,59,1,971848380
73,140,1,971848620
137,32,1,971852580
137,29,1,971852580
137,66,1,971852580
137,32,1,971852580
137,29,1,971852580
137,66,1,971852580
139,1,1,971854020
139,1,1,971854020
139,140,1,971855220
139,140,1,971855220
76,75,1,971856480
114,81,1,971860740
96,62,1,971861520
75,11,1,971869680
73,139,1,971872800
122,129,1,971881320
48,136,1,971916660
48,13,1,971916660
48,67,1,971921220
48,147,1,971921220
48,50,1,971921220
48,9,1,971921220
48,67,1,971921220
48,147,1,971921220
48,50,1,971921220
48,9,1,971921220
48,67,1,971921220
48,147,1,971921220
48,50,1,971921220
48,9,1,971921220
49,59,1,971921700
48,67,1,971922780
48,67,1,971922780
73,73,1,971925300
125,61,1,971927340
67,44,1,971927700
48,67,1,971929260
48,67,1,971929260
48,136,1,971929440
48,13,1,971929440
42,42,1,971931540
42,42,1,971931540
137,32,1,971933580
137,49,1,971933580
137,4,1,971933580
137,49,1,971933580
137,4,1,971933580
73,139,1,971939760
137,20,1,971940420
137,20,1,971940420
52,52,1,971944920
52,52,1,971944920
75,11,1,971944980
73,139,1,971945880
139,148,1,971946000
139,1,1,971946000
139,90,1,971946000
139,69,1,971946000
139,148,1,971946000
139,1,1,971946000
139,90,1,971946000
139,69,1,971946000
42,42,1,971946720
125,61,1,971949060
73,139,1,971953680
42,42,1,972000960
42,42,1,972000960
125,61,1,972004500
67,9,1,972011640
75,11,1,972014040
73,69,1,972014160
73,139,1,972014160
73,69,1,972014160
73,139,1,972014160
67,48,1,972015300
67,48,1,972015300
67,48,1,972015300
67,48,1,972015300
48,67,1,972015960
48,67,1,972015960
48,67,1,972015960
48,67,1,972015960
67,48,1,972017040
67,9,1,972017700
67,9,1,972018600
73,69,1,972022860
73,73,1,972022860
149,149,1,972022980
73,1,1,972023160
73,139,1,972023160
48,67,1,972023580
48,67,1,972025740
48,147,1,972025740
48,50,1,972025740
48,9,1,972025740
48,50,1,972026700
48,9,1,972026700
139,69,1,972027180
136,142,1,972029400
9,67,1,972030600
73,1,1,972030840
73,69,1,972030840
73,139,1,972030840
139,1,1,972031080
49,91,1,972036780
44,78,1,972213780
44,104,1,972261720
67,9,1,972264300
125,61,1,972264360
67,9,1,972265260
67,9,1,972265260
9,67,1,972265440
139,1,1,972265800
67,9,1,972266400
67,9,1,972266400
67,9,1,972266400
67,9,1,972266400
67,9,1,972268560
52,52,1,972269700
52,52,1,972269700
61,40,1,972272280
61,25,1,972272280
61,125,1,972272280
48,50,1,972273600
48,67,1,972273600
48,50,1,972273600
48,67,1,972273600
107,78,1,972273900
107,122,1,972273900
107,78,1,972273900
107,122,1,972273900
75,11,1,972275160
9,67,1,972275520
139,1,1,972277920
75,11,1,972281700
75,11,1,972281700
48,136,1,972282120
48,13,1,972282120
114,63,1,972283800
114,47,1,972283800
114,81,1,972283800
96,111,1,972285420
96,111,1,972285420
48,136,1,972290760
48,13,1,972290760
75,11,1,972292800
75,11,1,972292800
91,100,1,972351000
91,49,1,972351000
7,11,1,972355980
7,75,1,972355980
142,136,1,972357960
61,125,1,972358380
61,25,1,972358380
61,49,1,972358380
61,128,1,972358380
61,125,1,972358380
61,25,1,972358380
61,49,1,972358380
61,128,1,972358380
114,81,1,972359640
61,25,1,972361920
61,125,1,972361920
61,49,1,972361920
61,128,1,972361920
61,125,1,972361920
61,49,1,972361920
61,128,1,972361920
139,73,1,972362820
139,73,1,972362820
67,48,1,972364500
67,48,1,972364500
48,107,1,972364560
48,78,1,972364560
73,49,1,972366720
73,141,1,972366720
137,49,1,972367740
49,49,1,972368100
140,73,1,972369120
140,139,1,972369120
140,139,1,972369120
73,139,1,972371760
147,67,1,972373320
147,67,1,972373320
48,67,1,972373500
48,147,1,972373500
48,50,1,972373500
48,9,1,972373500
48,136,1,972373860
48,13,1,972373860
137,2,1,972374040
142,136,1,972374520
73,140,1,972377580
73,140,1,972381420
73,140,1,972381420
48,136,1,972381660
44,78,1,972381780
100,111,1,972382740
73,73,1,972384060
73,139,1,972384060
73,69,1,972388740
73,69,1,972388740
73,69,1,972388740
73,69,1,972388740
73,69,1,972388740
73,69,1,972388740
20,20,1,972392100
20,20,1,972392100
44,104,1,972434040
44,44,1,972436920
67,48,1,972437460
67,48,1,972437460
67,48,1,972437460
67,48,1,972437460
67,9,1,972439440
67,50,1,972439440
67,48,1,972439440
67,9,1,972439440
67,50,1,972439440
67,48,1,972439440
20,2,1,972441360
20,70,1,972441360
20,19,1,972441360
136,48,1,972442200
16,16,1,972443580
16,16,1,972443580
67,48,1,972448500
67,48,1,972448500
67,48,1,972448500
67,9,1,972448920
67,9,1,972448920
73,139,1,972451200
49,59,1,972452160
96,89,1,972453360
96,63,1,972453360
96,89,1,972453540
96,63,1,972453540
96,47,1,972453540
67,50,1,972457980
67,50,1,972457980
11,75,1,972458640
19,137,1,972459000
19,2,1,972459000
19,70,1,972459000
19,141,1,972459000
19,49,1,972459000
19,141,1,972459000
19,49,1,972459000
11,75,1,972459900
140,73,1,972461280
140,139,1,972461280
140,139,1,972461280
48,136,1,972463800
48,13,1,972463800
139,1,1,972465360
139,1,1,972465360
48,136,1,972471300
48,13,1,972471300
73,140,1,972522720
73,139,1,972523740
48,136,1,972523860
48,13,1,972523860
114,96,1,972526200
114,96,1,972526200
48,107,1,972528060
48,78,1,972528060
142,136,1,972528360
73,49,1,972528660
73,49,1,972528660
49,73,1,972528900
2,28,1,972530880
11,75,1,972531060
11,75,1,972531060
67,147,1,972531300
67,50,1,972531300
67,48,1,972531300
67,9,1,972531300
140,73,1,972532440
140,139,1,972532440
75,11,1,972534780
75,11,1,972534780
9,50,1,972538140
9,48,1,972538140
48,136,1,972540780
48,13,1,972540780
139,73,1,972541320
139,139,1,972541320
139,73,1,972541320
139,139,1,972541320
67,9,1,972541500
67,50,1,972541500
67,9,1,972541500
67,50,1,972541500
61,61,1,972542940
61,61,1,972542940
49,91,1,972543900
139,69,1,972545640
61,61,1,972547140
61,61,1,972547140
67,9,1,972549240
48,107,1,972549780
48,78,1,972549780
61,61,1,972550320
61,61,1,972550320
48,136,1,972552180
48,13,1,972552180
114,89,1,972552900
114,96,1,972552900
139,73,1,972553020
139,139,1,972553020
67,147,1,972553680
67,50,1,972553680
67,48,1,972553680
67,9,1,972553680
67,147,1,972553680
67,50,1,972553680
67,48,1,972553680
67,9,1,972553680
27,147,1,972553860
42,42,1,972609360
67,9,1,972610500
67,50,1,972610500
150,127,1,972611340
150,129,1,972611340
150,123,1,972611340
150,74,1,972611340
150,66,1,972611340
150,127,1,972611340
150,129,1,972611340
150,123,1,972611340
150,74,1,972611340
150,66,1,972611340
48,136,1,972612060
48,13,1,972612060
70,141,1,972614040
70,2,1,972614040
70,19,1,972614040
70,141,1,972614040
70,2,1,972614040
70,19,1,972614040
61,61,1,972615600
61,61,1,972615600
61,61,1,972615600
61,61,1,972615600
67,50,1,972615960
70,2,1,972616920
70,2,1,972616920
70,2,1,972616920
70,2,1,972616920
139,69,1,972617280
139,73,1,972617280
139,69,1,972617280
139,73,1,972617280
139,69,1,972617280
139,73,1,972617280
139,69,1,972617280
139,73,1,972617280
139,69,1,972617280
139,73,1,972617280
139,69,1,972617280
139,73,1,972617280
32,18,1,972617940
32,32,1,972617940
32,137,1,972617940
32,139,1,972617940
32,141,1,972617940
32,68,1,972617940
32,66,1,972617940
32,4,1,972617940
32,49,1,972617940
32,69,1,972617940
32,20,1,972617940
3,68,1,972618060
48,136,1,972618960
48,13,1,972618960
76,136,1,972619200
76,142,1,972619200
61,61,1,972620100
61,61,1,972620100
9,67,1,972620400
76,76,1,972621480
69,73,1,972621720
69,139,1,972621720
69,73,1,972621720
69,139,1,972621720
69,73,1,972621720
69,139,1,972621720
139,69,1,972624780
139,73,1,972624780
139,69,1,972624780
139,73,1,972624780
139,69,1,972624780
139,73,1,972624780
139,69,1,972624780
139,73,1,972624780
139,69,1,972624780
139,73,1,972624780
139,69,1,972624780
139,73,1,972624780
49,59,1,972627480
49,59,1,972628620
9,57,1,972629580
9,67,1,972629580
9,147,1,972629580
9,50,1,972629580
9,48,1,972629580
75,11,1,972630360
75,11,1,972630360
75,11,1,972630720
11,75,1,972632400
11,75,1,972632400
89,5,1,972633720
139,69,1,972635940
139,1,1,972635940
139,69,1,972635940
139,1,1,972635940
48,67,1,972637080
48,147,1,972637080
48,50,1,972637080
48,9,1,972637080
48,136,1,972642000
48,13,1,972642000
9,57,1,972642300
9,67,1,972642300
9,147,1,972642300
9,50,1,972642300
9,48,1,972642300
73,69,1,972735780
69,73,1,972744480
52,52,1,972860460
52,52,1,972860460
49,59,1,972867480
11,75,1,972867900
11,75,1,972867900
75,11,1,972868620
142,136,1,972868860
48,13,1,972869580
125,61,1,972869820
9,57,1,972870840
9,67,1,972870840
9,147,1,972870840
9,50,1,972870840
9,48,1,972870840
67,147,1,972871620
67,50,1,972871620
67,48,1,972871620
67,9,1,972871620
67,147,1,972871620
67,50,1,972871620
67,48,1,972871620
67,9,1,972871620
67,147,1,972871620
67,50,1,972871620
67,48,1,972871620
67,9,1,972871620
125,61,1,972872160
75,11,1,972872400
75,11,1,972872400
147,27,1,972873120
147,67,1,972873360
147,67,1,972873360
125,61,1,972873540
125,61,1,972873720
27,147,1,972876600
70,20,1,972883560
136,48,1,972885900
147,27,1,972887940
61,61,1,972889200
61,61,1,972889200
27,147,1,972890400
48,9,1,972891660
137,49,1,972892500
137,29,1,972892500
137,29,1,972892500
48,136,1,972896640
48,13,1,972896640
29,68,1,972950340
125,61,1,972950460
49,59,1,972950820
125,61,1,972951660
125,61,1,972951900
52,52,1,972953880
52,52,1,972953880
48,13,1,972954660
137,32,1,972956160
137,49,1,972956160
137,49,1,972956160
76,142,1,972956160
76,136,1,972956160
19,2,1,972956700
19,70,1,972956700
19,49,1,972956700
19,141,1,972956700
19,28,1,972956700
142,76,1,972956820
142,136,1,972956820
96,89,1,972957720
96,63,1,972957720
75,11,1,972958260
125,61,1,972959760
76,142,1,972963000
70,2,1,972963360
70,2,1,972963360
147,27,1,972964680
67,147,1,972966180
67,50,1,972966180
67,48,1,972966180
67,9,1,972966180
67,147,1,972966180
67,50,1,972966180
67,48,1,972966180
67,9,1,972966180
48,67,1,972966240
48,147,1,972966240
48,50,1,972966240
48,9,1,972966240
40,17,1,972969360
40,17,1,972969360
142,76,1,972969900
140,140,1,972971220
140,1,1,972971220
140,15,1,972971220
140,130,1,972971220
140,115,1,972971220
140,138,1,972971220
140,139,1,972971220
140,97,1,972971220
140,93,1,972971220
140,90,1,972971220
140,87,1,972971220
140,133,1,972971220
140,86,1,972971220
140,85,1,972971220
140,148,1,972971220
140,132,1,972971220
140,149,1,972971220
140,33,1,972971220
140,135,1,972971220
61,61,1,972977820
61,61,1,972977820
13,48,1,972977940
13,50,1,972977940
13,9,1,972977940
48,13,1,972978120
48,50,1,972978120
48,9,1,972978120
48,50,1,972978120
48,9,1,972978120
61,61,1,972979920
61,61,1,972979920
61,61,1,972979920
61,61,1,972979920
61,61,1,972980160
61,61,1,972980160
61,61,1,972980160
61,61,1,972980160
110,75,1,972980700
73,69,1,972982800
48,78,1,972982920
48,78,1,972982920
48,136,1,972983820
48,13,1,972983820
91,100,1,973004280
61,61,1,973035840
61,61,1,973035840
