66,29,1,988677900
66,29,1,988677900
66,29,1,988677900
66,29,1,988677900
44,104,1,988679460
44,111,1,988679460
9,57,1,988681320
9,67,1,988681320
9,147,1,988681320
9,50,1,988681320
9,48,1,988681320
9,67,1,988681320
9,147,1,988681320
9,50,1,988681320
9,48,1,988681320
142,11,1,988684560
142,146,1,988684560
142,11,1,988684560
142,146,1,988684560
76,142,1,988686120
52,52,1,988688400
52,52,1,988688400
52,52,1,988688400
52,52,1,988688400
67,147,1,988689720
67,50,1,988689720
67,48,1,988689720
67,9,1,988689720
67,147,1,988689720
67,50,1,988689720
67,48,1,988689720
67,9,1,988689720
52,135,1,988691580
135,52,1,988692240
73,73,1,988692240
73,73,1,988692240
52,135,1,988692480
52,135,1,988692600
52,52,1,988692600
52,135,1,988692600
52,52,1,988692600
147,67,1,988692720
147,67,1,988692720
52,52,1,988693920
52,135,1,988693920
52,52,1,988693920
52,135,1,988693920
75,76,1,988695000
147,67,1,988695300
147,67,1,988695300
147,67,1,988695300
147,67,1,988695300
52,52,1,988695840
52,52,1,988695840
52,135,1,988696020
52,52,1,988696020
52,135,1,988696020
52,52,1,988696020
11,38,1,988696860
11,17,1,988696860
11,146,1,988696860
11,25,1,988696860
11,26,1,988696860
135,52,1,988698660
86,149,1,988700700
86,149,1,988701120
66,32,1,988702800
66,32,1,988702800
89,5,1,988702800
86,149,1,988703100
49,73,1,988705560
73,73,1,988705620
73,73,1,988705620
38,75,1,988708380
48,13,1,988710780
11,38,1,988711140
11,17,1,988711140
48,67,1,988712160
48,147,1,988712160
48,50,1,988712160
48,9,1,988712160
48,13,1,988712160
9,48,1,988712280
59,49,1,988713660
53,77,1,988713782
66,29,1,988713900
66,29,1,988713900
151,73,1,988713900
151,69,1,988713900
151,69,1,988713900
66,29,1,988713900
66,29,1,988713900
73,151,1,988713960
73,69,1,988714200
44,104,1,988715460
44,111,1,988715460
111,111,1,988717560
71,21,1,988718300
71,21,1,988718300
151,73,1,988718700
151,69,1,988718700
73,69,1,988721760
73,69,1,988721760
73,69,1,988721760
73,69,1,988721760
86,87,1,988724100
86,87,1,988724340
86,115,1,988724340
86,87,1,988724460
86,87,1,988724460
17,59,1,988729740
59,49,1,988737360
66,32,1,988738800
66,32,1,988738800
59,17,1,988741680
52,52,1,988770240
27,147,1,988773540
27,147,1,988773540
114,81,1,988775580
114,110,1,988775580
75,38,1,988776840
38,75,1,988778760
61,25,1,988779780
75,38,1,988781220
75,38,1,988781220
114,81,1,988783140
114,110,1,988783140
150,69,1,988785840
57,76,1,988790040
57,142,1,988790040
149,148,1,988794060
59,17,1,988799220
114,81,1,988811580
114,110,1,988811580
114,81,1,988811580
114,110,1,988811580
53,44,1,988812615
53,45,1,988812615
53,39,1,988812615
53,113,1,988812615
53,103,1,988812615
53,101,1,988812615
53,96,1,988812615
53,126,1,988812615
53,132,1,988812615
53,38,1,988812615
53,77,1,988812615
53,107,1,988812615
53,107,1,988812615
53,44,1,988813748
53,45,1,988813748
53,122,1,988813748
53,39,1,988813748
53,113,1,988813748
53,103,1,988813748
53,101,1,988813748
53,96,1,988813748
53,126,1,988813748
53,132,1,988813748
53,38,1,988813748
53,77,1,988813748
53,107,1,988813748
53,107,1,988813748
53,44,1,988814180
53,39,1,988814180
53,113,1,988814180
53,17,1,988814180
53,107,1,988814180
53,103,1,988814180
53,96,1,988814180
53,58,1,988814180
53,126,1,988814180
61,25,1,988815780
59,59,1,988817640
59,59,1,988817640
114,81,1,988819140
114,110,1,988819140
114,81,1,988819140
114,110,1,988819140
69,54,1,988820340
69,107,1,988820340
17,21,1,988821660
17,59,1,988821660
17,26,1,988821660
17,37,1,988821660
32,107,1,988836240
33,142,1,988854780
61,61,1,988859160
61,61,1,988859160
61,61,1,988862340
61,61,1,988862340
61,61,1,988872480
61,61,1,988872480
129,123,1,988877160
129,11,1,988877160
129,123,1,988877160
129,11,1,988877160
129,123,1,988877160
129,11,1,988877160
17,33,1,988888260
17,38,1,988888260
17,33,1,988888560
17,33,1,988888560
11,38,1,988893600
11,25,1,988893600
11,17,1,988893600
11,25,1,988893600
11,17,1,988893600
61,61,1,988895160
61,61,1,988895160
32,107,1,988896540
32,107,1,988896540
61,61,1,988898340
61,61,1,988898340
17,25,1,988901400
91,91,1,988906680
61,61,1,988908480
61,61,1,988908480
130,133,1,988920420
44,33,1,988943880
100,111,1,988944180
100,91,1,988944180
44,111,1,988944360
44,104,1,988944360
44,111,1,988944360
44,104,1,988944360
73,69,1,988944420
44,33,1,988946760
33,38,1,988948380
33,142,1,988948380
33,38,1,988948380
33,142,1,988948380
61,49,1,988955340
61,125,1,988955340
61,125,1,988955340
61,49,1,988960200
61,125,1,988960200
61,125,1,988960200
61,49,1,988961640
61,125,1,988961640
61,49,1,988961640
61,125,1,988961640
61,49,1,988962360
61,125,1,988962360
61,49,1,988962360
61,125,1,988962360
70,141,1,988962630
70,2,1,988962630
70,19,1,988962630
70,70,1,988962630
70,70,1,988962630
73,69,1,988968420
73,69,1,988968420
73,69,1,988968960
73,69,1,988968960
87,86,1,988970232
73,69,1,988971060
59,49,1,988978800
44,33,1,988979880
44,111,1,988980360
44,104,1,988980360
44,33,1,988982760
59,17,1,988984920
73,69,1,988987620
73,73,1,988988400
73,73,1,988988400
61,49,1,988991340
61,125,1,988991340
61,125,1,988991340
61,49,1,988996200
61,125,1,988996200
61,125,1,988996200
61,49,1,988997640
61,125,1,988997640
61,49,1,988997640
61,125,1,988997640
61,49,1,988998360
61,125,1,988998360
61,49,1,988998360
61,125,1,988998360
107,107,1,989004600
142,136,1,989200980
73,69,1,989201100
73,69,1,989201100
147,67,1,989201820
147,67,1,989201820
73,69,1,989202120
73,69,1,989202120
73,69,1,989202120
124,34,1,989205840
124,35,1,989205840
124,31,1,989205840
48,13,1,989207640
48,44,1,989209080
48,91,1,989209080
48,13,1,989209200
150,107,1,989209320
53,44,1,989214396
53,45,1,989214396
53,39,1,989214396
53,113,1,989214396
53,103,1,989214396
53,101,1,989214396
53,96,1,989214396
53,126,1,989214396
53,132,1,989214396
53,38,1,989214396
53,77,1,989214396
20,70,1,989216954
114,96,1,989220840
114,96,1,989220840
48,13,1,989228880
61,25,1,989228880
71,21,1,989229011
71,21,1,989231208
71,21,1,989231208
73,69,1,989235900
71,21,1,989238757
107,52,1,989246400
107,27,1,989246400
107,31,1,989246400
107,54,1,989246400
107,52,1,989246400
107,27,1,989246400
107,31,1,989246400
107,54,1,989246400
59,49,1,989246520
117,125,1,989246593
114,96,1,989256840
114,96,1,989256840
114,96,1,989256840
114,96,1,989256840
66,32,1,989262120
66,137,1,989262120
66,68,1,989262120
66,29,1,989262120
66,141,1,989262120
66,137,1,989262120
61,25,1,989264880
35,124,1,989275320
61,61,1,989281140
61,61,1,989281140
27,147,1,989284800
147,27,1,989287440
52,27,1,989287620
61,61,1,989288400
61,61,1,989288400
38,75,1,989288580
61,26,1,989289480
61,61,1,989289600
61,61,1,989289600
61,61,1,989290920
61,61,1,989290920
61,61,1,989294340
61,61,1,989294340
75,38,1,989294820
48,67,1,989295120
48,50,1,989295120
48,9,1,989295120
52,27,1,989296800
52,27,1,989296800
61,61,1,989298600
61,61,1,989298600
61,17,1,989298960
61,17,1,989298960
52,52,1,989300640
52,52,1,989300640
61,61,1,989301300
61,61,1,989301300
44,33,1,989301960
57,67,1,989302140
61,61,1,989302500
61,61,1,989302500
128,96,1,989302800
128,96,1,989302800
52,27,1,989302980
52,27,1,989302980
52,27,1,989302980
52,27,1,989302980
96,128,1,989303040
44,33,1,989304600
44,33,1,989304780
44,33,1,989305380
44,33,1,989306700
61,61,1,989308080
61,61,1,989308080
35,124,1,989311320
73,69,1,989312220
61,61,1,989312520
61,61,1,989312520
61,61,1,989312760
61,61,1,989312760
61,61,1,989314440
61,61,1,989314440
48,13,1,989314620
44,33,1,989315280
44,33,1,989316420
61,61,1,989317140
61,61,1,989317140
73,69,1,989320620
73,69,1,989320620
38,75,1,989321100
75,38,1,989321820
73,69,1,989322660
73,69,1,989322660
61,61,1,989324400
61,61,1,989324400
61,26,1,989325480
61,61,1,989325600
61,61,1,989325600
53,54,1,989326000
61,61,1,989326920
61,61,1,989326920
61,61,1,989330340
61,61,1,989330340
61,61,1,989334600
61,61,1,989334600
61,17,1,989334960
61,61,1,989337300
61,61,1,989337300
44,33,1,989337960
61,61,1,989338500
61,61,1,989338500
128,96,1,989338800
128,96,1,989338800
96,128,1,989339040
44,33,1,989340600
44,33,1,989340780
44,33,1,989341380
44,33,1,989342700
61,61,1,989344080
61,61,1,989344080
61,61,1,989348520
61,61,1,989348520
61,61,1,989348760
61,61,1,989348760
61,61,1,989350440
61,61,1,989350440
44,33,1,989351280
44,33,1,989352420
114,81,1,989370240
114,81,1,989370240
44,33,1,989371320
75,38,1,989375820
75,38,1,989376720
75,38,1,989381460
61,61,1,989386020
61,61,1,989386020
73,73,1,989386740
73,73,1,989386740
96,63,1,989387040
61,61,1,989389500
61,61,1,989389500
27,147,1,989390580
142,136,1,989392620
44,33,1,989393160
44,33,1,989393340
44,33,1,989393340
76,75,1,989393940
76,75,1,989393940
48,44,1,989394060
48,91,1,989394060
76,75,1,989394060
76,75,1,989394060
76,136,1,989394360
114,81,1,989395500
114,81,1,989395500
114,81,1,989395500
114,81,1,989395500
27,147,1,989395920
61,61,1,989399520
61,61,1,989399520
73,69,1,989400780
73,69,1,989400780
73,69,1,989400780
61,61,1,989401800
61,61,1,989401800
58,103,1,989402267
58,103,1,989402267
58,103,1,989402267
58,103,1,989402267
76,57,1,989403120
76,33,1,989403120
76,142,1,989403120
48,13,1,989404260
114,81,1,989406240
44,33,1,989407320
125,117,1,989408855
125,117,1,989408855
118,119,1,989417160
76,142,1,989421168
61,61,1,989422020
61,61,1,989422020
96,63,1,989423040
61,61,1,989425500
61,61,1,989425500
63,91,1,989427840
44,33,1,989429160
44,33,1,989429340
44,33,1,989429340
114,81,1,989431500
114,81,1,989431500
61,61,1,989435520
61,61,1,989435520
61,61,1,989437800
61,61,1,989437800
44,91,1,989457480
91,100,1,989457840
69,73,1,989459880
147,67,1,989460000
147,67,1,989460000
76,136,1,989467560
76,136,1,989467560
114,63,1,989468220
114,84,1,989468220
9,57,1,989469420
9,67,1,989469420
9,147,1,989469420
9,50,1,989469420
9,48,1,989469420
73,69,1,989469780
128,96,1,989471280
128,96,1,989471280
61,61,1,989471580
61,61,1,989471580
73,69,1,989472000
73,69,1,989472000
73,69,1,989472000
73,69,1,989472000
61,61,1,989473080
61,61,1,989473080
27,27,1,989473620
27,27,1,989473620
73,69,1,989473680
73,69,1,989473680
73,69,1,989473680
110,114,1,989475600
73,69,1,989477400
73,69,1,989477400
73,69,1,989477400
73,69,1,989477400
70,141,1,989477566
70,2,1,989477566
70,19,1,989477566
70,20,1,989477566
70,70,1,989477566
70,70,1,989477566
76,136,1,989478180
76,136,1,989478180
44,104,1,989479260
61,61,1,989481060
61,61,1,989481060
48,13,1,989483340
114,128,1,989483400
75,11,1,989485740
62,47,1,989489040
73,69,1,989489880
73,69,1,989490960
75,11,1,989490960
75,38,1,989490960
75,38,1,989490960
48,13,1,989491740
70,2,1,989492694
70,70,1,989492694
70,70,1,989492694
44,91,1,989493480
91,100,1,989493840
19,2,1,989500629
66,68,1,989502660
66,29,1,989502660
66,2,1,989502660
114,63,1,989504220
114,84,1,989504220
114,63,1,989504220
114,84,1,989504220
58,103,1,989505256
58,58,1,989505256
58,103,1,989505256
58,58,1,989505256
128,96,1,989507280
128,96,1,989507280
61,61,1,989507580
61,61,1,989507580
61,61,1,989509080
61,61,1,989509080
110,114,1,989511600
44,104,1,989514960
44,104,1,989515260
61,61,1,989517060
61,61,1,989517060
114,128,1,989519400
62,47,1,989525040
114,128,1,989542260
114,128,1,989542260
11,75,1,989549580
48,44,1,989550420
48,91,1,989550420
73,69,1,989552820
73,69,1,989552820
73,69,1,989552820
73,69,1,989552820
57,96,1,989553000
57,44,1,989553000
61,125,1,989553120
61,125,1,989553120
102,104,1,989553540
7,75,1,989553600
7,11,1,989553600
7,11,1,989553600
61,125,1,989555280
61,125,1,989555280
61,125,1,989556600
61,125,1,989556600
44,104,1,989556780
44,102,1,989556780
44,104,1,989556780
44,102,1,989556780
48,67,1,989557200
48,67,1,989557200
48,67,1,989557200
48,67,1,989557200
118,21,1,989557860
118,121,1,989557860
118,121,1,989558040
75,76,1,989561640
48,67,1,989563800
48,50,1,989563800
48,9,1,989563800
48,13,1,989563800
48,67,1,989563800
48,50,1,989563800
48,9,1,989563800
48,13,1,989563800
52,27,1,989563980
52,27,1,989563980
52,27,1,989563980
9,48,1,989564520
73,69,1,989567040
126,96,1,989570558
76,11,1,989572620
76,7,1,989572620
76,142,1,989574060
33,75,1,989574540
33,75,1,989574960
76,52,1,989575440
76,52,1,989575440
75,33,1,989575800
33,75,1,989576640
114,128,1,989578260
114,128,1,989578260
73,69,1,989580000
71,80,1,989582427
78,107,1,989582520
78,107,1,989582520
71,80,1,989583112
80,71,1,989583166
71,80,1,989583840
73,127,1,989587920
73,127,1,989587920
73,127,1,989587920
73,127,1,989587920
73,127,1,989587920
73,127,1,989587920
61,125,1,989589120
61,125,1,989589120
102,104,1,989589540
61,125,1,989591280
61,125,1,989591280
61,125,1,989592600
61,125,1,989592600
44,104,1,989592780
44,102,1,989592780
44,104,1,989592780
44,102,1,989592780
118,21,1,989593860
118,121,1,989593860
118,121,1,989594040
76,52,1,989611440
147,67,1,989641680
147,67,1,989641680
147,67,1,989641680
147,67,1,989641680
69,73,1,989674980
38,75,1,989808420
38,33,1,989808420
33,38,1,989809380
33,75,1,989809380
75,33,1,989810100
75,38,1,989810100
75,38,1,989810100
76,7,1,989810760
67,48,1,989812560
67,48,1,989812560
76,142,1,989812560
142,76,1,989812620
76,142,1,989815440
33,75,1,989816100
33,38,1,989816100
33,38,1,989816100
73,69,1,989816880
73,69,1,989816880
27,27,1,989817480
27,27,1,989817480
147,27,1,989817840
52,27,1,989818200
52,27,1,989818200
53,78,1,989821920
61,17,1,989822160
61,17,1,989822160
61,61,1,989822460
48,13,1,989824680
38,75,1,989826429
61,61,1,989826540
61,61,1,989826540
33,75,1,989827620
73,69,1,989827860
73,69,1,989827860
50,147,1,989827920
76,7,1,989830860
61,61,1,989833200
61,61,1,989833200
76,75,1,989834340
76,75,1,989834340
150,107,1,989835060
76,7,1,989835540
54,123,1,989835900
75,33,1,989836800
59,118,1,989837700
118,59,1,989838180
73,69,1,989839200
73,69,1,989839200
73,69,1,989839200
73,69,1,989839200
73,69,1,989839200
73,69,1,989839200
75,11,1,989840400
75,11,1,989840520
73,38,1,989843280
73,69,1,989843280
73,32,1,989843280
73,141,1,989843280
73,69,1,989846760
73,69,1,989846760
73,69,1,989848200
73,69,1,989848200
73,69,1,989848200
44,44,1,989848800
123,54,1,989850711
118,119,1,989853300
27,27,1,989853480
27,27,1,989853480
59,49,1,989855820
61,17,1,989858160
61,61,1,989858460
66,68,1,989858700
61,61,1,989862540
61,61,1,989862540
61,61,1,989869200
61,61,1,989869200
44,44,1,989884800
52,136,1,989890380
52,136,1,989890620
76,75,1,989893080
76,75,1,989893080
76,7,1,989893080
76,57,1,989894700
75,33,1,989897640
33,75,1,989897760
73,20,1,989898120
73,141,1,989898120
73,20,1,989898120
73,141,1,989898120
73,69,1,989898360
73,69,1,989898360
135,52,1,989898420
135,52,1,989898420
52,27,1,989899140
52,27,1,989899140
52,52,1,989900220
52,52,1,989900220
75,27,1,989900340
75,27,1,989900340
75,27,1,989900340
75,27,1,989900340
147,27,1,989901360
75,11,1,989901960
102,111,1,989903040
73,69,1,989904300
73,69,1,989904300
147,48,1,989911260
147,67,1,989911260
147,48,1,989911260
147,67,1,989911260
147,48,1,989911260
147,67,1,989911260
73,73,1,989911800
73,73,1,989911800
73,73,1,989911800
73,73,1,989911800
73,73,1,989911800
73,73,1,989911800
75,33,1,989911920
75,38,1,989911920
48,67,1,989912160
48,67,1,989912160
48,67,1,989912160
48,67,1,989912160
67,57,1,989912220
48,13,1,989912820
50,67,1,989913120
67,57,1,989913480
27,5,1,989913540
33,44,1,989915640
67,9,1,989916300
67,9,1,989916300
27,5,1,989917380
48,13,1,989919480
91,100,1,989920814
91,100,1,989920814
33,75,1,989923680
75,33,1,989925660
33,75,1,989925720
91,100,1,989928288
118,119,1,989928420
73,69,1,989929200
73,69,1,989929200
73,69,1,989929200
75,38,1,989929200
141,2,1,989929355
141,20,1,989929355
141,19,1,989929355
141,70,1,989929355
73,151,1,989932920
73,151,1,989932920
66,32,1,989937120
66,68,1,989937120
66,137,1,989937120
66,29,1,989937120
66,141,1,989937120
61,61,1,989937349
91,100,1,989938800
91,100,1,989938800
102,111,1,989939040
91,100,1,989946240
27,5,1,989949540
27,5,1,989953380
75,38,1,989965200
7,76,1,989976780
7,75,1,989976780
27,147,1,989977620
27,147,1,989977620
7,76,1,989978460
7,75,1,989978460
108,119,1,989980200
108,118,1,989980200
108,22,1,989980320
52,27,1,989980860
9,57,1,989980860
9,67,1,989980860
9,147,1,989980860
9,50,1,989980860
9,48,1,989980860
52,27,1,989980860
67,147,1,989981640
67,50,1,989981640
67,48,1,989981640
67,9,1,989981640
67,147,1,989981640
67,50,1,989981640
67,48,1,989981640
67,9,1,989981640
67,147,1,989981640
67,50,1,989981640
67,48,1,989981640
67,9,1,989981640
124,34,1,989983860
124,35,1,989983860
124,31,1,989983860
124,34,1,989986080
124,35,1,989986080
124,31,1,989986080
73,69,1,989989860
73,69,1,989989860
75,11,1,989993940
67,67,1,989994900
67,67,1,989994900
147,27,1,989996340
147,27,1,989996880
67,57,1,989998320
67,57,1,989998320
84,105,1,989998879
75,33,1,989999340
48,13,1,990001320
48,13,1,990005640
75,38,1,990009540
50,67,1,990012240
50,147,1,990012240
50,48,1,990012240
50,9,1,990012240
27,147,1,990013620
67,147,1,990017640
67,50,1,990017640
67,48,1,990017640
67,9,1,990017640
53,107,1,990021555
118,38,1,990025500
20,70,1,990028447
20,19,1,990028447
20,141,1,990028447
20,19,1,990028447
20,141,1,990028447
20,19,1,990029334
20,70,1,990029334
75,11,1,990029940
147,27,1,990032340
147,27,1,990032880
118,38,1,990033120
75,38,1,990045540
150,107,1,990062340
67,50,1,990065700
67,50,1,990065700
142,33,1,990067680
114,110,1,990071520
114,110,1,990071520
75,38,1,990073620
75,38,1,990074700
75,38,1,990074700
48,67,1,990077100
48,50,1,990077100
48,9,1,990077100
48,67,1,990077100
48,50,1,990077100
48,9,1,990077100
50,57,1,990078060
50,67,1,990078060
50,147,1,990078060
50,48,1,990078060
50,9,1,990078060
75,11,1,990078300
69,123,1,990078834
69,107,1,990078834
69,127,1,990078834
69,54,1,990078834
69,66,1,990078834
69,129,1,990078834
69,123,1,990078834
69,107,1,990078834
69,127,1,990078834
69,54,1,990078834
69,66,1,990078834
69,129,1,990078834
69,123,1,990078834
69,127,1,990078834
69,54,1,990078834
69,66,1,990078834
69,129,1,990078834
69,123,1,990078834
69,127,1,990078834
69,54,1,990078834
69,66,1,990078834
69,129,1,990078834
69,123,1,990078834
69,107,1,990078834
69,127,1,990078834
69,54,1,990078834
69,66,1,990078834
69,129,1,990078834
69,123,1,990078834
69,107,1,990078834
69,127,1,990078834
69,54,1,990078834
69,66,1,990078834
69,129,1,990078834
75,11,1,990079200
67,50,1,990079500
42,126,1,990082610
67,50,1,990085860
48,13,1,990091320
137,74,1,990091320
137,27,1,990091320
137,147,1,990091320
75,38,1,990091624
69,45,1,990092040
57,57,1,990092470
75,38,1,990092723
75,38,1,990092723
69,123,1,990096780
69,107,1,990096780
69,127,1,990096780
69,74,1,990096780
69,54,1,990096780
69,66,1,990096780
69,129,1,990096780
69,123,1,990096780
69,107,1,990096780
69,127,1,990096780
69,74,1,990096780
69,54,1,990096780
69,66,1,990096780
69,129,1,990096780
61,40,1,990104003
66,141,1,990105480
114,110,1,990107520
114,110,1,990107520
114,110,1,990107520
114,110,1,990107520
95,125,1,990109421
75,38,1,990109620
69,45,1,990110083
75,38,1,990110700
75,38,1,990110700
75,11,1,990114300
75,11,1,990115200
75,76,1,990152280
73,69,1,990159000
76,142,1,990160080
142,136,1,990160380
73,141,1,990163440
73,69,1,990163440
73,32,1,990163440
73,1,1,990163440
73,38,1,990163440
73,141,1,990163440
73,69,1,990163440
73,32,1,990163440
73,1,1,990163440
57,67,1,990166320
52,135,1,990166440
52,135,1,990166440
42,126,1,990167201
50,57,1,990169440
50,67,1,990169440
50,147,1,990169440
50,48,1,990169440
50,9,1,990169440
50,57,1,990170940
50,67,1,990170940
50,147,1,990170940
50,48,1,990170940
50,9,1,990170940
48,13,1,990172560
95,125,1,990173747
117,103,1,990175196
117,103,1,990175196
142,76,1,990176340
61,125,1,990176645
76,57,1,990177540
81,114,1,990178455
73,69,1,990179520
73,38,1,990181474
73,141,1,990181474
73,32,1,990181474
73,1,1,990181474
73,69,1,990182160
73,69,1,990182160
73,69,1,990182160
63,96,1,990183101
63,96,1,990183101
73,69,1,990183240
76,7,1,990183900
75,76,1,990188280
76,57,1,990195552
131,143,1,990250563
52,135,1,990412800
76,142,1,990413400
73,141,1,990414420
73,141,1,990414420
9,57,1,990414960
9,67,1,990414960
9,147,1,990414960
9,50,1,990414960
9,48,1,990414960
73,69,1,990415020
73,69,1,990415020
73,69,1,990415020
73,69,1,990415020
38,75,1,990415380
76,75,1,990416460
76,75,1,990416460
75,38,1,990417780
75,33,1,990417780
75,76,1,990418020
9,57,1,990419220
9,67,1,990419220
9,147,1,990419220
9,50,1,990419220
9,48,1,990419220
73,73,1,990419640
73,73,1,990419640
9,57,1,990419760
9,67,1,990419760
9,147,1,990419760
9,50,1,990419760
9,48,1,990419760
9,67,1,990420840
9,67,1,990420840
142,76,1,990421080
44,104,1,990423389
75,38,1,990424020
73,69,1,990426060
73,69,1,990426060
73,69,1,990426420
38,75,1,990426600
76,52,1,990427560
76,52,1,990427560
52,76,1,990427800
105,56,1,990428554
105,56,1,990428554
16,74,1,990429072
16,74,1,990429072
57,57,1,990429556
57,57,1,990429797
142,76,1,990433200
104,102,1,990434669
104,102,1,990434669
71,25,1,990434693
67,9,1,990435540
75,38,1,990435807
27,48,1,990438420
27,48,1,990438420
75,38,1,990439320
48,13,1,990439560
55,55,1,990439755
113,88,1,990441840
53,38,1,990442177
147,67,1,990442500
147,67,1,990442500
147,67,1,990442500
147,67,1,990442500
147,67,1,990442800
147,67,1,990442800
147,67,1,990442800
147,67,1,990442800
147,67,1,990442860
147,67,1,990442860
142,33,1,990443400
73,69,1,990446760
73,69,1,990446760
109,109,1,990447767
109,109,1,990447767
73,69,1,990450120
73,69,1,990450120
73,69,1,990450120
73,69,1,990450120
53,77,1,990452088
53,53,1,990452682
114,94,1,990452963
114,81,1,990452963
114,94,1,990452963
114,81,1,990452963
75,38,1,990453780
75,33,1,990453780
75,76,1,990454020
9,67,1,990456840
9,67,1,990456840
75,38,1,990457379
122,78,1,990459535
75,38,1,990460020
76,52,1,990463560
27,48,1,990474420
75,38,1,990475320
38,75,1,990489480
38,75,1,990493980
147,67,1,990496920
147,67,1,990496920
66,19,1,990498060
66,29,1,990498060
66,137,1,990498060
66,141,1,990498060
66,20,1,990498060
66,29,1,990498060
66,137,1,990498060
66,141,1,990498060
66,20,1,990498060
147,67,1,990498060
147,67,1,990498060
147,67,1,990498060
147,67,1,990498060
147,27,1,990499860
147,27,1,990499860
147,27,1,990499860
147,27,1,990499860
147,50,1,990500460
147,50,1,990500460
75,38,1,990501780
75,33,1,990501780
76,142,1,990502740
9,67,1,990503460
9,147,1,990503460
142,76,1,990503580
142,76,1,990503760
73,69,1,990504120
27,147,1,990508020
27,147,1,990508020
42,126,1,990508674
10,17,1,990509024
73,69,1,990510120
73,69,1,990510120
73,69,1,990510120
73,69,1,990510120
73,69,1,990510840
107,54,1,990511980
107,78,1,990511980
107,54,1,990511980
107,78,1,990511980
105,56,1,990513146
105,56,1,990513146
52,135,1,990513540
135,52,1,990514740
75,11,1,990515700
114,84,1,990515866
114,81,1,990515866
114,84,1,990515866
114,81,1,990515866
135,52,1,990516120
126,103,1,990519517
147,27,1,990519660
147,27,1,990519660
75,38,1,990519803
124,34,1,990520200
124,35,1,990520200
124,31,1,990520200
9,67,1,990520380
9,50,1,990520380
9,48,1,990520380
9,13,1,990520380
52,27,1,990522120
100,44,1,990522875
100,111,1,990522875
100,100,1,990522875
100,91,1,990522875
91,100,1,990522985
100,44,1,990523199
100,111,1,990523199
100,100,1,990523199
100,91,1,990523199
91,100,1,990523870
103,58,1,990525344
103,125,1,990525344
103,95,1,990525344
103,117,1,990525344
103,58,1,990525344
103,125,1,990525344
103,95,1,990525344
103,117,1,990525344
103,58,1,990525344
103,125,1,990525344
103,95,1,990525344
103,117,1,990525344
44,104,1,990528250
44,111,1,990528250
53,10,1,990528836
53,44,1,990528836
53,45,1,990528836
53,1,1,990528836
53,125,1,990528836
53,124,1,990528836
53,121,1,990528836
53,120,1,990528836
53,119,1,990528836
53,130,1,990528836
53,42,1,990528836
53,39,1,990528836
53,64,1,990528836
53,118,1,990528836
53,26,1,990528836
53,41,1,990528836
53,114,1,990528836
53,113,1,990528836
53,17,1,990528836
53,63,1,990528836
53,34,1,990528836
53,21,1,990528836
53,108,1,990528836
53,40,1,990528836
53,61,1,990528836
53,106,1,990528836
53,104,1,990528836
53,103,1,990528836
53,102,1,990528836
53,47,1,990528836
53,101,1,990528836
53,98,1,990528836
53,97,1,990528836
53,96,1,990528836
53,95,1,990528836
53,8,1,990528836
53,94,1,990528836
53,22,1,990528836
53,25,1,990528836
53,89,1,990528836
53,60,1,990528836
53,88,1,990528836
53,59,1,990528836
53,133,1,990528836
53,58,1,990528836
53,126,1,990528836
53,84,1,990528836
53,132,1,990528836
53,81,1,990528836
53,135,1,990528836
53,77,1,990528836
53,10,1,990528836
53,44,1,990528836
53,45,1,990528836
53,1,1,990528836
53,125,1,990528836
53,124,1,990528836
53,121,1,990528836
53,120,1,990528836
53,119,1,990528836
53,130,1,990528836
53,42,1,990528836
53,39,1,990528836
53,64,1,990528836
53,118,1,990528836
53,26,1,990528836
53,41,1,990528836
53,114,1,990528836
53,113,1,990528836
53,17,1,990528836
53,63,1,990528836
53,34,1,990528836
53,21,1,990528836
53,108,1,990528836
53,40,1,990528836
53,61,1,990528836
53,106,1,990528836
53,104,1,990528836
53,103,1,990528836
53,102,1,990528836
53,47,1,990528836
53,101,1,990528836
53,98,1,990528836
53,97,1,990528836
53,96,1,990528836
53,95,1,990528836
53,8,1,990528836
53,94,1,990528836
53,22,1,990528836
53,25,1,990528836
53,89,1,990528836
53,60,1,990528836
53,88,1,990528836
53,59,1,990528836
53,133,1,990528836
53,58,1,990528836
53,126,1,990528836
53,84,1,990528836
53,132,1,990528836
53,81,1,990528836
53,135,1,990528836
53,77,1,990528836
109,109,1,990533342
109,109,1,990533342
66,19,1,990534060
66,29,1,990534060
66,137,1,990534060
66,141,1,990534060
66,20,1,990534060
66,29,1,990534060
66,137,1,990534060
66,141,1,990534060
66,20,1,990534060
73,69,1,990535680
73,69,1,990535680
73,69,1,990535680
75,38,1,990537780
75,33,1,990537780
27,147,1,990544020
100,44,1,990547129
100,111,1,990547129
100,104,1,990547129
100,102,1,990547129
100,100,1,990547129
100,91,1,990547129
87,149,1,990548645
87,149,1,990548645
75,11,1,990551700
124,34,1,990556200
124,35,1,990556200
124,31,1,990556200
124,34,1,990556200
124,35,1,990556200
124,31,1,990556200
73,69,1,990571680
38,75,1,990590220
38,75,1,990590220
67,13,1,990591780
67,13,1,990591780
73,69,1,990592020
73,69,1,990592020
48,50,1,990597660
67,50,1,990598560
67,50,1,990598560
147,67,1,990599280
147,67,1,990599280
147,67,1,990599280
147,67,1,990599280
125,103,1,990601683
125,58,1,990601683
125,95,1,990601683
73,151,1,990602700
73,69,1,990602940
73,69,1,990602940
135,52,1,990603600
135,52,1,990603600
151,73,1,990606600
44,91,1,990607320
73,73,1,990607440
73,151,1,990607440
73,151,1,990607440
73,73,1,990607440
73,151,1,990607440
73,151,1,990607440
123,36,1,990609652
123,36,1,990609652
151,73,1,990612780
73,69,1,990614580
75,33,1,990615060
76,136,1,990615540
114,84,1,990616861
114,84,1,990616861
69,73,1,990622320
133,130,1,990629424
133,87,1,990629424
133,86,1,990629424
133,130,1,990640224
133,87,1,990640224
133,86,1,990640224
66,32,1,990642600
66,137,1,990642600
66,68,1,990642600
66,29,1,990642600
66,141,1,990642600
52,135,1,990666720
52,135,1,990666720
52,135,1,990666720
52,135,1,990666720
147,67,1,990668580
147,67,1,990668580
147,67,1,990668580
147,67,1,990668580
147,67,1,990668760
147,67,1,990668760
147,67,1,990668760
147,67,1,990668760
147,67,1,990669000
147,67,1,990669000
147,67,1,990669000
147,67,1,990669000
76,136,1,990669780
67,13,1,990672480
9,57,1,990675120
9,67,1,990675120
9,50,1,990675120
9,48,1,990675120
9,13,1,990675120
9,57,1,990675420
9,67,1,990675420
9,50,1,990675420
9,48,1,990675420
9,13,1,990675420
52,52,1,990678840
76,57,1,990678900
76,96,1,990678900
76,57,1,990678900
76,96,1,990678900
67,13,1,990679500
67,13,1,990679560
44,104,1,990681345
44,104,1,990681353
44,91,1,990681528
44,100,1,990681528
38,75,1,990686760
50,67,1,990690120
50,147,1,990690120
50,48,1,990690120
50,67,1,990690120
50,147,1,990690120
50,48,1,990690120
33,38,1,990691380
33,75,1,990691380
67,57,1,990693480
63,114,1,990693579
63,114,1,990693579
67,50,1,990696240
147,67,1,990696300
147,67,1,990696300
147,67,1,990696300
147,67,1,990696300
76,57,1,990696912
76,96,1,990696912
76,57,1,990696912
76,96,1,990696912
61,125,1,990698254
76,142,1,990698280
59,91,1,990698551
75,38,1,990699480
69,73,1,990699600
28,28,1,990702420
59,17,1,990706167
28,28,1,990706620
28,28,1,990706680
53,126,1,990708531
80,91,1,990709930
91,80,1,990711420
20,70,1,990713321
75,38,1,990717514
28,28,1,990729720
132,97,1,990733102
75,38,1,990735480
142,136,1,990748200
147,67,1,990756060
147,67,1,990756060
147,67,1,990756060
147,67,1,990756060
147,67,1,990758160
147,67,1,990758160
147,67,1,990758160
147,67,1,990758160
147,50,1,990770340
147,50,1,990770340
59,17,1,990773882
59,17,1,990775317
20,70,1,990783476
76,33,1,990787500
70,141,1,990792232
70,20,1,990792232
70,19,1,990792232
70,70,1,990792232
70,70,1,990792232
70,141,1,990792232
70,20,1,990792232
70,19,1,990792232
70,70,1,990792232
70,70,1,990792232
78,44,1,990796949
78,107,1,990796949
78,104,1,990796949
78,36,1,990796949
78,126,1,990796949
78,150,1,990796949
78,54,1,990796949
78,78,1,990796949
78,10,1,990796949
78,45,1,990796949
78,39,1,990796949
78,103,1,990796949
78,96,1,990796949
78,83,1,990796949
78,38,1,990796949
78,44,1,990796949
78,107,1,990796949
78,104,1,990796949
78,36,1,990796949
78,126,1,990796949
78,150,1,990796949
78,54,1,990796949
78,78,1,990796949
78,10,1,990796949
78,45,1,990796949
78,39,1,990796949
78,103,1,990796949
78,96,1,990796949
78,83,1,990796949
78,38,1,990796949
78,44,1,990796949
78,107,1,990796949
78,104,1,990796949
78,36,1,990796949
78,126,1,990796949
78,150,1,990796949
78,54,1,990796949
78,78,1,990796949
78,10,1,990796949
78,45,1,990796949
78,39,1,990796949
78,103,1,990796949
78,96,1,990796949
78,83,1,990796949
78,38,1,990796949
100,44,1,990804246
100,111,1,990804246
100,104,1,990804246
100,102,1,990804246
100,100,1,990804246
100,91,1,990804246
28,28,1,990813780
28,32,1,990813780
28,18,1,990813780
28,32,1,990813780
28,18,1,990813780
75,33,1,991027800
9,67,1,991098780
147,9,1,991099980
147,50,1,991102020
147,50,1,991102020
48,50,1,991103340
48,9,1,991103340
48,13,1,991103340
67,50,1,991107120
67,48,1,991107120
67,9,1,991107120
67,13,1,991107120
67,50,1,991107120
67,48,1,991107120
67,9,1,991107120
67,13,1,991107120
73,69,1,991108080
73,69,1,991108080
9,57,1,991109580
9,67,1,991109580
9,50,1,991109580
9,48,1,991109580
9,13,1,991109580
73,69,1,991110240
73,69,1,991110240
73,69,1,991110240
92,83,1,991111506
92,119,1,991111506
92,121,1,991111506
92,113,1,991111506
92,108,1,991111506
27,147,1,991111560
27,147,1,991111560
147,27,1,991112940
59,17,1,991114338
59,17,1,991114338
48,67,1,991115940
48,67,1,991115940
9,57,1,991117260
9,67,1,991117260
9,50,1,991117260
9,48,1,991117260
9,13,1,991117260
147,27,1,991118460
147,27,1,991118460
53,10,1,991118567
53,44,1,991118567
53,39,1,991118567
53,113,1,991118567
53,17,1,991118567
53,107,1,991118567
53,103,1,991118567
53,96,1,991118567
53,92,1,991118567
53,58,1,991118567
53,126,1,991118567
53,83,1,991118567
53,10,1,991118567
53,44,1,991118567
53,39,1,991118567
53,113,1,991118567
53,17,1,991118567
53,107,1,991118567
53,103,1,991118567
53,96,1,991118567
53,92,1,991118567
53,58,1,991118567
53,126,1,991118567
53,83,1,991118567
67,13,1,991118760
38,75,1,991118820
67,50,1,991118880
13,67,1,991119240
13,67,1,991119240
75,38,1,991119240
38,75,1,991120920
38,75,1,991120920
42,126,1,991121983
42,60,1,991121983
42,106,1,991121983
42,84,1,991121983
42,126,1,991121983
42,60,1,991121983
42,106,1,991121983
42,84,1,991121983
42,126,1,991121983
42,60,1,991121983
42,106,1,991121983
42,84,1,991121983
150,107,1,991122660
73,69,1,991122840
69,73,1,991122900
73,69,1,991123320
83,78,1,991125764
78,83,1,991125788
78,83,1,991125823
73,69,1,991126140
73,69,1,991126140
2,70,1,991128324
2,70,1,991128324
28,28,1,991128480
28,32,1,991128480
28,32,1,991128480
128,96,1,991128545
73,69,1,991128720
73,69,1,991129020
61,125,1,991129696
61,25,1,991129696
67,50,1,991130340
67,50,1,991130340
73,69,1,991132440
73,69,1,991132440
114,81,1,991132739
114,81,1,991132739
69,73,1,991134300
67,147,1,991134540
67,50,1,991134540
67,48,1,991134540
67,9,1,991134540
73,69,1,991142100
73,69,1,991142100
73,69,1,991142400
78,36,1,991143306
28,19,1,991143960
73,69,1,991146240
27,147,1,991147560
44,36,1,991147675
18,18,1,991152120
18,18,1,991152120
18,18,1,991152120
18,18,1,991152120
18,32,1,991152360
38,75,1,991154820
13,67,1,991155240
13,67,1,991155240
75,38,1,991155240
38,75,1,991156920
38,75,1,991156920
92,113,1,991159961
18,4,1,991167180
147,27,1,991186800
147,27,1,991186800
38,75,1,991188720
38,75,1,991188720
123,54,1,991188900
123,54,1,991188900
147,9,1,991190400
147,9,1,991190400
147,67,1,991191480
147,67,1,991191480
147,67,1,991191480
75,76,1,991192980
11,75,1,991194240
75,38,1,991195440
38,75,1,991198080
69,73,1,991199940
73,69,1,991200600
38,75,1,991200780
38,75,1,991200780
7,75,1,991202100
7,76,1,991202100
7,11,1,991202100
7,11,1,991202100
73,69,1,991204740
73,69,1,991204740
73,69,1,991204740
73,69,1,991204740
53,123,1,991205691
53,54,1,991205691
53,54,1,991205691
75,38,1,991206600
75,38,1,991206600
123,54,1,991206920
123,54,1,991206920
9,57,1,991209780
9,67,1,991209780
9,50,1,991209780
9,48,1,991209780
9,13,1,991209780
27,27,1,991210320
27,27,1,991210320
53,123,1,991210697
114,63,1,991212780
114,63,1,991212780
114,63,1,991212780
114,63,1,991212780
67,13,1,991213200
67,13,1,991213200
75,38,1,991213445
28,28,1,991215240
48,67,1,991215900
48,67,1,991215900
48,67,1,991215900
48,67,1,991215900
9,57,1,991216020
9,67,1,991216020
9,50,1,991216020
9,48,1,991216020
9,13,1,991216020
18,18,1,991216860
75,38,1,991222380
75,38,1,991222380
75,38,1,991224642
75,38,1,991224642
38,75,1,991224720
38,75,1,991224720
75,76,1,991228980
85,87,1,991230060
85,87,1,991230060
75,38,1,991231440
101,78,1,991232088
11,75,1,991233840
38,75,1,991234080
76,75,1,991235760
91,80,1,991236512
80,91,1,991236528
38,75,1,991236780
38,75,1,991236780
28,28,1,991238100
18,18,1,991238460
18,18,1,991238460
18,18,1,991240260
18,18,1,991240260
75,38,1,991240420
75,38,1,991240420
7,75,1,991241700
7,76,1,991241700
7,11,1,991241700
7,11,1,991241700
75,38,1,991242600
75,38,1,991242600
92,83,1,991244530
92,39,1,991244530
92,83,1,991244668
27,27,1,991246320
27,27,1,991246320
76,75,1,991251480
75,38,1,991258380
75,38,1,991258380
48,13,1,991273320
48,9,1,991273320
48,50,1,991273320
48,13,1,991273320
48,9,1,991273320
48,50,1,991273320
13,9,1,991274640
13,50,1,991274640
13,48,1,991274640
13,9,1,991274640
13,50,1,991274640
13,48,1,991274640
73,69,1,991277760
73,69,1,991279800
73,69,1,991279800
73,69,1,991279860
73,69,1,991285980
53,38,1,991287841
53,92,1,991287841
53,107,1,991287841
53,107,1,991287841
147,67,1,991287900
147,67,1,991287900
147,67,1,991287900
147,67,1,991287900
147,67,1,991287900
147,67,1,991287900
91,100,1,991290855
150,107,1,991292520
150,107,1,991292520
147,67,1,991294740
147,67,1,991294740
147,67,1,991294860
147,67,1,991294860
147,27,1,991294980
147,27,1,991294980
67,13,1,991295400
75,38,1,991296000
75,38,1,991296000
75,38,1,991296300
75,38,1,991296300
53,54,1,991297535
67,13,1,991298940
28,18,1,991301880
28,18,1,991301880
73,69,1,991304100
73,69,1,991304100
73,69,1,991304880
73,69,1,991304880
73,69,1,991304880
73,69,1,991304940
73,69,1,991304940
73,69,1,991304940
67,147,1,991306200
151,73,1,991307220
73,69,1,991308060
73,151,1,991308120
73,69,1,991309260
73,151,1,991309440
73,69,1,991309440
73,69,1,991309440
73,151,1,991309440
73,69,1,991309440
73,69,1,991309440
53,54,1,991309868
95,103,1,991310207
95,103,1,991310207
75,38,1,991313160
75,38,1,991313160
28,19,1,991314660
28,19,1,991314660
142,136,1,991323840
100,44,1,991325475
100,111,1,991325475
100,104,1,991325475
100,102,1,991325475
100,100,1,991325475
100,91,1,991325475
75,38,1,991331180
75,38,1,991331180
75,38,1,991332000
75,38,1,991332000
75,38,1,991332300
75,38,1,991332300
18,18,1,991345380
75,38,1,991349160
75,38,1,991349160
67,48,1,991358520
67,48,1,991358520
48,50,1,991359000
52,27,1,991366440
85,143,1,991367815
50,57,1,991368240
50,67,1,991368240
50,147,1,991368240
50,48,1,991368240
50,9,1,991368240
50,13,1,991368240
67,13,1,991369020
50,57,1,991369560
50,67,1,991369560
50,147,1,991369560
50,48,1,991369560
50,9,1,991369560
50,13,1,991369560
73,69,1,991370040
76,9,1,991370880
73,69,1,991371180
73,69,1,991371180
85,86,1,991373040
38,75,1,991378020
33,75,1,991378800
57,57,1,991378943
70,141,1,991379376
70,20,1,991379376
70,19,1,991379376
70,70,1,991379376
70,70,1,991379376
70,141,1,991379376
70,20,1,991379376
70,19,1,991379376
70,70,1,991379376
70,70,1,991379376
13,67,1,991383960
13,67,1,991383960
75,38,1,991387320
75,38,1,991387320
60,42,1,991388479
76,75,1,991388580
76,75,1,991388580
114,63,1,991390494
114,110,1,991390494
114,63,1,991390494
114,110,1,991390494
114,63,1,991390494
114,110,1,991390494
75,33,1,991392480
75,33,1,991392660
75,33,1,991392660
126,84,1,991393707
75,11,1,991394820
75,11,1,991394820
63,96,1,991395541
63,96,1,991395541
142,98,1,991398123
114,96,1,991399006
114,96,1,991399006
114,96,1,991399006
114,96,1,991399006
86,133,1,991402904
86,130,1,991402904
86,133,1,991402904
86,130,1,991402904
92,83,1,991404073
92,118,1,991404073
75,38,1,991405355
75,38,1,991405355
36,129,1,991408697
109,129,1,991409508
100,44,1,991413804
100,111,1,991413804
100,104,1,991413804
100,102,1,991413804
100,100,1,991413804
100,91,1,991413804
38,75,1,991414020
75,38,1,991423320
75,38,1,991423320
76,75,1,991424580
18,32,1,991427400
18,18,1,991427400
18,18,1,991427400
18,18,1,991427400
18,18,1,991427400
75,33,1,991428660
75,33,1,991428660
75,11,1,991430820
75,11,1,991430820
85,135,1,991503143
27,52,1,991554780
27,52,1,991554780
27,52,1,991554780
27,52,1,991554780
27,52,1,991590780
27,52,1,991590780
136,142,1,991620240
142,136,1,991620840
147,9,1,991623600
48,67,1,991624500
48,67,1,991624500
48,67,1,991624500
48,67,1,991624500
9,57,1,991625700
9,67,1,991625700
9,50,1,991625700
9,48,1,991625700
9,13,1,991625700
9,57,1,991625700
9,67,1,991625700
9,50,1,991625700
9,48,1,991625700
9,13,1,991625700
38,75,1,991625940
136,76,1,991629660
136,76,1,991629720
76,136,1,991631940
44,150,1,991632474
57,67,1,991632960
9,50,1,991633560
9,13,1,991633560
9,48,1,991633560
9,57,1,991634820
9,67,1,991634820
9,50,1,991634820
9,48,1,991634820
9,13,1,991634820
53,78,1,991635835
53,54,1,991636502
53,123,1,991636502
53,54,1,991636502
53,123,1,991636502
57,57,1,991637094
78,54,1,991637160
78,107,1,991637160
67,13,1,991637460
82,31,1,991640375
82,35,1,991640375
82,43,1,991640375
47,96,1,991641576
47,94,1,991641576
47,110,1,991641576
47,63,1,991641576
47,96,1,991641576
47,94,1,991641576
47,110,1,991641576
47,63,1,991641576
47,96,1,991641576
47,94,1,991641576
47,110,1,991641576
47,63,1,991641576
2,70,1,991642248
2,70,1,991642248
57,57,1,991642278
84,126,1,991644132
84,126,1,991644132
44,91,1,991648486
44,104,1,991648486
57,60,1,991648597
57,60,1,991648597
59,118,1,991651802
92,83,1,991651981
92,118,1,991652091
92,126,1,991652091
67,13,1,991652940
67,13,1,991653000
67,50,1,991653180
78,54,1,991655171
78,107,1,991655171
6,66,1,991656157
122,92,1,991658266
86,87,1,991661506
86,87,1,991661506
38,75,1,991661940
86,115,1,991664840
86,115,1,991664840
100,44,1,991668625
100,111,1,991668625
100,104,1,991668625
100,102,1,991668625
100,100,1,991668625
100,91,1,991668625
28,18,1,991669320
28,20,1,991669320
28,18,1,991669320
28,20,1,991669320
28,28,1,991669560
20,70,1,991670388
93,1,1,991672680
84,107,1,991674424
84,107,1,991692420
52,27,1,991698480
142,76,1,991704120
67,50,1,991704840
13,9,1,991705740
13,50,1,991705740
13,48,1,991705740
13,50,1,991705740
13,48,1,991705740
147,67,1,991705860
9,57,1,991706880
9,67,1,991706880
9,50,1,991706880
9,48,1,991706880
9,13,1,991706880
9,57,1,991706880
9,67,1,991706880
9,50,1,991706880
9,48,1,991706880
9,13,1,991706880
48,6,1,991710720
142,76,1,991712580
142,136,1,991712580
142,76,1,991712580
142,136,1,991712580
76,136,1,991714980
48,50,1,991715520
48,50,1,991715520
50,48,1,991715940
67,13,1,991715940
13,67,1,991716720
147,67,1,991717380
147,67,1,991717380
147,67,1,991717380
147,67,1,991717380
147,9,1,991717860
59,40,1,991719233
147,50,1,991721100
147,50,1,991721580
147,50,1,991721580
66,68,1,991723904
27,27,1,991724940
27,27,1,991724940
147,50,1,991727820
6,36,1,991728000
6,107,1,991728000
53,54,1,991728885
50,57,1,991729320
50,67,1,991729320
50,147,1,991729320
50,48,1,991729320
50,9,1,991729320
50,13,1,991729320
53,54,1,991729330
27,27,1,991729680
27,27,1,991729680
27,27,1,991729680
27,27,1,991729680
81,114,1,991736374
81,114,1,991736374
107,78,1,991737698
111,102,1,991745630
111,44,1,991745630
111,91,1,991745630
111,91,1,991745630
111,102,1,991747443
45,78,1,991748410
20,70,1,991752215
2,20,1,991753672
2,19,1,991753672
2,70,1,991753672
78,107,1,991754225
107,84,1,991755122
28,20,1,991759020
28,18,1,991759020
28,20,1,991759020
28,18,1,991759020
18,18,1,991760880
18,18,1,991760880
18,28,1,991760880
18,28,1,991760880
27,27,1,991760940
27,27,1,991760940
27,27,1,991765680
27,27,1,991765680
52,52,1,991787400
52,135,1,991787400
52,52,1,991787400
52,135,1,991787400
52,52,1,991787400
52,135,1,991787400
52,52,1,991787400
52,135,1,991787400
150,54,1,991792440
150,54,1,991792440
73,69,1,991792620
73,69,1,991792620
73,69,1,991792740
73,69,1,991792740
142,136,1,991793520
147,67,1,991798740
147,67,1,991798740
52,136,1,991799280
52,76,1,991799280
52,136,1,991799280
52,76,1,991799280
52,136,1,991799280
52,76,1,991799280
52,136,1,991799280
52,76,1,991799280
147,50,1,991802400
147,50,1,991802400
67,13,1,991802520
67,13,1,991802700
27,27,1,991803120
27,27,1,991803120
27,27,1,991803120
27,27,1,991803120
76,142,1,991804740
73,69,1,991805760
73,69,1,991805760
67,13,1,991806720
20,70,1,991808296
20,19,1,991808296
27,147,1,991809240
27,147,1,991809240
27,147,1,991810020
27,147,1,991810080
27,147,1,991810080
147,67,1,991812960
147,67,1,991812960
147,67,1,991812960
53,118,1,991813517
147,27,1,991817760
147,27,1,991817760
92,109,1,991817798
18,18,1,991819140
18,18,1,991819140
18,18,1,991819560
18,18,1,991819560
42,126,1,991820697
42,60,1,991820697
42,126,1,991820697
42,60,1,991820697
18,18,1,991830600
18,18,1,991830600
28,28,1,991832520
57,57,1,991837066
83,92,1,991838066
67,13,1,991838520
53,92,1,991838528
67,13,1,991838700
27,27,1,991839120
27,27,1,991839120
92,83,1,991839972
86,115,1,991842290
86,133,1,991842290
86,87,1,991842290
86,133,1,991842290
86,87,1,991842290
107,78,1,991844858
78,107,1,991845066
27,147,1,991845240
27,147,1,991846020
27,147,1,991846080
18,18,1,991860000
18,18,1,991860000
18,32,1,991860240
18,32,1,991860420
18,32,1,991860420
18,18,1,991866480
18,18,1,991866480
48,67,1,991876560
48,50,1,991876560
48,9,1,991876560
48,27,1,991876560
48,27,1,991876560
48,67,1,991876560
48,50,1,991876560
48,9,1,991876560
48,27,1,991876560
48,27,1,991876560
48,67,1,991876560
48,50,1,991876560
48,9,1,991876560
48,27,1,991876560
48,27,1,991876560
48,67,1,991876560
48,50,1,991876560
48,9,1,991876560
48,27,1,991876560
48,27,1,991876560
48,67,1,991876560
48,50,1,991876560
48,9,1,991876560
48,27,1,991876560
48,27,1,991876560
67,9,1,991878120
9,67,1,991878780
9,67,1,991878780
27,147,1,991879200
27,147,1,991879200
27,147,1,991879200
27,147,1,991879200
13,67,1,991879800
13,67,1,991879800
150,54,1,991880400
150,54,1,991880400
13,67,1,991883700
13,67,1,991883700
147,50,1,991888320
147,67,1,991888320
147,50,1,991888320
147,67,1,991888320
147,50,1,991888320
147,67,1,991888320
147,50,1,991888320
147,67,1,991888320
147,50,1,991888320
147,67,1,991888320
147,50,1,991888320
147,67,1,991888320
147,67,1,991889760
147,67,1,991889760
147,67,1,991889760
147,67,1,991889760
126,42,1,991890615
69,73,1,991894440
69,73,1,991894440
67,57,1,991895580
27,27,1,991895820
27,27,1,991895820
67,57,1,991897140
67,57,1,991897140
9,57,1,991897380
9,67,1,991897380
9,50,1,991897380
9,48,1,991897380
9,13,1,991897380
9,57,1,991897380
9,67,1,991897380
9,50,1,991897380
9,48,1,991897380
9,13,1,991897380
27,27,1,991899060
27,27,1,991899060
53,101,1,991900065
53,77,1,991900065
53,54,1,991900153
114,110,1,991906684
114,110,1,991906684
13,48,1,991908180
13,67,1,991908180
13,48,1,991908180
13,67,1,991908180
24,148,1,991909650
24,88,1,991910133
36,78,1,991910317
27,147,1,991915200
27,147,1,991915200
57,57,1,991915982
43,82,1,991921455
43,82,1,991921455
58,103,1,991923394
58,103,1,991923394
28,28,1,991927320
100,44,1,991931359
100,111,1,991931359
100,104,1,991931359
100,102,1,991931359
100,100,1,991931359
100,91,1,991931359
100,44,1,991931359
100,111,1,991931359
100,104,1,991931359
100,102,1,991931359
100,100,1,991931359
100,91,1,991931359
27,27,1,991931820
27,27,1,991931820
27,27,1,991935060
27,27,1,991935060
85,143,1,991938233
85,143,1,991938233
18,19,1,991940580
18,18,1,991940580
18,18,1,991940580
18,32,1,991946160
18,20,1,991946160
18,19,1,991946160
18,28,1,991946160
18,3,1,991946160
18,18,1,991946160
18,18,1,991946160
142,76,1,991959600
142,136,1,991959600
53,101,1,991978739
53,101,1,991978739
53,54,1,991979027
114,128,1,991980312
53,54,1,991981020
57,57,1,991982172
70,141,1,991985139
70,20,1,991985139
70,19,1,991985139
70,70,1,991985139
70,70,1,991985139
70,141,1,991985139
70,20,1,991985139
70,19,1,991985139
70,70,1,991985139
70,70,1,991985139
150,107,1,991985340
150,107,1,991985340
128,96,1,991987107
147,50,1,991987260
147,9,1,991987260
147,13,1,991987260
136,142,1,991987980
142,136,1,991988760
141,68,1,991988774
57,57,1,991988853
136,57,1,991992000
147,13,1,991993020
147,13,1,991993020
111,102,1,991994757
95,142,1,991999479
20,70,1,992000768
53,54,1,992006441
100,44,1,992013964
100,111,1,992013964
100,104,1,992013964
100,102,1,992013964
100,100,1,992013964
100,91,1,992013964
100,44,1,992013964
100,111,1,992013964
100,104,1,992013964
100,102,1,992013964
100,100,1,992013964
100,91,1,992013964
73,69,1,992148060
73,69,1,992148060
73,69,1,992151240
73,69,1,992151240
69,73,1,992153220
57,76,1,992176967
27,147,1,992228760
27,147,1,992233680
76,33,1,992248020
27,147,1,992264760
27,147,1,992269680
44,150,1,992273577
73,69,1,992315820
73,69,1,992315820
85,135,1,992326031
101,44,1,992327917
142,33,1,992328900
150,107,1,992332680
150,107,1,992332680
128,105,1,992334668
27,27,1,992341245
92,132,1,992343959
77,90,1,992346891
18,28,1,992348880
18,32,1,992348880
44,36,1,992349035
132,92,1,992354246
20,141,1,992354638
20,70,1,992354638
20,70,1,992354638
92,83,1,992356009
128,112,1,992357969
128,105,1,992357969
128,100,1,992357969
128,100,1,992357969
128,112,1,992357969
128,105,1,992357969
128,100,1,992357969
128,100,1,992357969
92,39,1,992363260
92,22,1,992363260
142,76,1,992405280
44,54,1,992409528
20,70,1,992415839
77,101,1,992420168
77,101,1,992420263
44,54,1,992435885
24,34,1,992436419
74,137,1,992445062
74,65,1,992445062
74,127,1,992445062
74,129,1,992445062
74,127,1,992445062
74,129,1,992445062
132,39,1,992445810
28,28,1,992452020
18,28,1,992460000
18,18,1,992460000
18,18,1,992460000
142,76,1,992482920
142,136,1,992484480
142,136,1,992484540
142,76,1,992494860
142,136,1,992567580
73,69,1,992570940
73,69,1,992570940
24,88,1,992591588
105,125,1,992591719
105,112,1,992591719
49,119,1,992595804
49,24,1,992595804
49,34,1,992595804
49,88,1,992595804
49,119,1,992597264
49,24,1,992597264
49,34,1,992597264
49,88,1,992597264
49,119,1,992597441
49,24,1,992597441
49,34,1,992597441
49,88,1,992597441
49,119,1,992601598
49,24,1,992601598
49,34,1,992601598
49,88,1,992601598
109,109,1,992605346
109,109,1,992605346
86,87,1,992609040
86,115,1,992609040
14,27,1,992711276
27,14,1,992771014
18,32,1,992807760
18,18,1,992807760
18,18,1,992807760
18,18,1,992808540
18,18,1,992808540
18,32,1,992808780
18,18,1,992809620
18,18,1,992809620
18,18,1,992809860
18,18,1,992809860
18,18,1,992809860
18,18,1,992809860
18,18,1,992809980
18,18,1,992809980
70,141,1,992847021
70,20,1,992847021
70,19,1,992847021
70,70,1,992847021
70,70,1,992847021
70,141,1,992847021
70,20,1,992847021
70,19,1,992847021
70,70,1,992847021
70,70,1,992847021
77,90,1,992849216
75,75,1,992851598
73,69,1,992853480
13,13,1,992858332
115,135,1,992858937
115,135,1,992858937
73,73,1,992859360
73,73,1,992859360
73,69,1,992859480
83,39,1,992860009
73,69,1,992860020
75,11,1,992869299
75,11,1,992869299
20,70,1,992871790
20,70,1,992871790
86,135,1,992878599
86,87,1,992878599
86,115,1,992878599
75,75,1,992885417
75,75,1,992885417
75,75,1,992885417
75,75,1,992885417
24,88,1,992886457
24,34,1,992886457
24,124,1,992886457
24,88,1,992886457
24,34,1,992886457
24,124,1,992886457
73,69,1,992923620
49,43,1,992934085
49,39,1,992934085
49,118,1,992934085
49,22,1,992934085
49,35,1,992934085
49,82,1,992934085
76,75,1,992934749
14,27,1,992934750
14,27,1,992934750
105,56,1,992938484
105,125,1,992938484
73,137,1,992944500
73,141,1,992944500
73,137,1,992944500
73,141,1,992944500
73,69,1,992944560
73,69,1,992946960
117,75,1,992951003
73,69,1,992952660
73,69,1,992952660
24,148,1,992954838
76,52,1,992955458
49,119,1,992957488
49,24,1,992957488
49,34,1,992957488
49,88,1,992957488
17,10,1,992960949
75,117,1,992965356
75,117,1,992965356
49,119,1,992966801
49,24,1,992966801
49,34,1,992966801
49,88,1,992966801
24,88,1,993021724
66,70,1,993023878
66,19,1,993023878
66,20,1,993023878
66,141,1,993023878
10,73,1,993024571
20,70,1,993027430
28,19,1,993027981
28,141,1,993027981
28,20,1,993027981
13,48,1,993028729
13,48,1,993028729
73,49,1,993029280
49,73,1,993030240
10,21,1,993030551
10,61,1,993031491
10,71,1,993031491
10,25,1,993031491
10,61,1,993031740
10,25,1,993031740
10,71,1,993031740
73,69,1,993032040
73,69,1,993032880
73,69,1,993035880
13,50,1,993039982
92,39,1,993041302
76,57,1,993042621
76,75,1,993042621
57,76,1,993043921
57,75,1,993043921
109,54,1,993048018
10,71,1,993048961
86,115,1,993052612
73,69,1,993068880
122,107,1,993075360
24,135,1,993103361
87,135,1,993114678
135,87,1,993115032
81,114,1,993116215
81,114,1,993116215
73,38,1,993116580
73,141,1,993116580
73,137,1,993116580
73,38,1,993118680
73,137,1,993118680
73,141,1,993118680
73,32,1,993118680
73,69,1,993121920
73,69,1,993123420
73,69,1,993123420
133,130,1,993127829
133,86,1,993127829
76,57,1,993128914
76,75,1,993128914
76,75,1,993128914
49,119,1,993131466
49,24,1,993131466
49,34,1,993131466
49,88,1,993131466
49,119,1,993133959
49,24,1,993133959
49,34,1,993133959
49,88,1,993133959
73,69,1,993135300
73,69,1,993135420
67,80,1,993140876
80,80,1,993140903
80,80,1,993140903
18,18,1,993151440
18,18,1,993151440
18,32,1,993151560
18,18,1,993152340
18,18,1,993152340
49,73,1,993177840
20,70,1,993191815
13,67,1,993193929
13,67,1,993193929
70,20,1,993194657
70,141,1,993195408
70,20,1,993195408
70,19,1,993195408
70,70,1,993195408
70,70,1,993195408
70,141,1,993195408
70,20,1,993195408
70,19,1,993195408
70,70,1,993195408
70,70,1,993195408
92,45,1,993200978
82,35,1,993204350
82,43,1,993204350
82,31,1,993204350
49,119,1,993204679
49,24,1,993204679
49,34,1,993204679
49,88,1,993204679
73,69,1,993211800
73,69,1,993211800
114,110,1,993217794
114,114,1,993217794
114,114,1,993217794
114,110,1,993217794
114,114,1,993217794
114,114,1,993217794
86,115,1,993225941
73,69,1,993247800
73,69,1,993265560
73,69,1,993266880
73,69,1,993301560
18,18,1,993388920
18,18,1,993388920
18,28,1,993389100
18,18,1,993390240
18,18,1,993390240
18,18,1,993404820
18,32,1,993404820
18,32,1,993404820
18,18,1,993423600
18,18,1,993423600
18,18,1,993423900
107,69,1,993445080
107,54,1,993445080
107,27,1,993445080
107,78,1,993445080
107,69,1,993445080
107,54,1,993445080
107,27,1,993445080
107,78,1,993445080
92,68,1,993447677
92,68,1,993447677
44,96,1,993449537
44,126,1,993449537
44,58,1,993449537
44,103,1,993449537
44,10,1,993449537
69,73,1,993450480
73,69,1,993451560
20,19,1,993460636
20,19,1,993460636
70,70,1,993461988
20,70,1,993462537
107,69,1,993463130
107,54,1,993463130
107,27,1,993463130
107,65,1,993463130
107,78,1,993463130
107,69,1,993463130
107,54,1,993463130
107,27,1,993463130
107,65,1,993463130
107,78,1,993463130
68,29,1,993463200
109,109,1,993468830
109,109,1,993468830
10,26,1,993477077
10,25,1,993477077
10,61,1,993477077
125,61,1,993479070
125,105,1,993479070
13,67,1,993479147
13,67,1,993479147
107,69,1,993481080
107,54,1,993481080
107,27,1,993481080
107,78,1,993481080
107,69,1,993481080
107,54,1,993481080
107,27,1,993481080
107,78,1,993481080
107,69,1,993481080
107,54,1,993481080
107,27,1,993481080
107,78,1,993481080
107,69,1,993481080
107,54,1,993481080
107,27,1,993481080
107,78,1,993481080
38,57,1,993481457
38,75,1,993481457
78,107,1,993482640
75,38,1,993484576
75,38,1,993484576
73,69,1,993528780
73,69,1,993530760
73,69,1,993530760
49,43,1,993539164
49,39,1,993539164
49,118,1,993539164
49,22,1,993539164
49,35,1,993539164
49,82,1,993539164
124,24,1,993543493
124,34,1,993543493
13,67,1,993553805
13,67,1,993553805
69,73,1,993556020
69,73,1,993556020
75,38,1,993571639
13,67,1,993573171
13,67,1,993573171
86,133,1,993583054
86,115,1,993583054
86,133,1,993583054
86,115,1,993583054
38,75,1,993621219
38,75,1,993621219
24,88,1,993624700
24,113,1,993624700
24,113,1,993624700
13,57,1,993627138
13,67,1,993634739
13,67,1,993634739
133,132,1,993636108
133,97,1,993636108
133,1,1,993636108
133,93,1,993636108
133,87,1,993636108
133,130,1,993636108
33,17,1,993636879
13,67,1,993639936
13,67,1,993639936
13,67,1,993640083
13,67,1,993640083
10,96,1,993642294
126,84,1,993648007
126,106,1,993648007
126,60,1,993648007
126,57,1,993648007
126,98,1,993648007
126,64,1,993648007
126,42,1,993648007
126,84,1,993649464
18,18,1,993654960
24,88,1,993655986
92,107,1,993657807
34,124,1,993704466
18,18,1,993709275
52,76,1,993712533
52,27,1,993712533
92,79,1,993714406
75,11,1,993719215
75,11,1,993719215
33,57,1,993719457
151,69,1,993720000
151,69,1,993720000
151,69,1,993720000
33,57,1,993721741
14,65,1,993721742
14,65,1,993721742
33,57,1,993721767
28,19,1,993723317
18,18,1,993729791
18,18,1,993729791
13,67,1,993730754
13,67,1,993730754
13,57,1,993731621
13,57,1,993731621
76,52,1,993733898
76,75,1,993737558
76,57,1,993744907
151,69,1,993756000
73,73,1,993789540
73,73,1,993789540
73,69,1,993789960
73,69,1,993790860
13,57,1,993797469
13,57,1,993797469
13,67,1,993801864
13,67,1,993801864
28,19,1,993802573
57,75,1,993804002
70,141,1,993804262
70,20,1,993804262
70,19,1,993804262
70,70,1,993804262
70,70,1,993804262
70,141,1,993804262
70,20,1,993804262
70,19,1,993804262
70,70,1,993804262
70,70,1,993804262
28,20,1,993812143
73,69,1,993815280
44,78,1,993824188
58,107,1,993832260
58,107,1,993832260
86,115,1,993833383
86,135,1,993840682
86,115,1,993840682
86,135,1,993840682
86,115,1,993840682
138,86,1,994007503
138,149,1,994007503
138,86,1,994007503
138,149,1,994007503
50,13,1,994055295
50,48,1,994055295
50,9,1,994055295
50,67,1,994055295
50,6,1,994055295
101,77,1,994059330
101,77,1,994059330
92,107,1,994061170
20,19,1,994062132
20,70,1,994062132
87,86,1,994072744
87,115,1,994072744
13,9,1,994074250
13,9,1,994074250
122,107,1,994076400
18,32,1,994080874
92,107,1,994082331
18,18,1,994084112
18,18,1,994084112
18,18,1,994084413
18,32,1,994084413
49,119,1,994085863
49,24,1,994085863
49,34,1,994085863
49,88,1,994085863
44,33,1,994086199
44,33,1,994086489
73,69,1,994086540
73,69,1,994086540
44,33,1,994086848
73,69,1,994087080
73,69,1,994087080
73,69,1,994087080
73,69,1,994087080
135,87,1,994087535
135,130,1,994087535
135,133,1,994087535
135,132,1,994087535
135,97,1,994087535
44,33,1,994087570
44,33,1,994087826
33,57,1,994090353
122,107,1,994108740
73,69,1,994122540
73,69,1,994122540
73,69,1,994123080
73,69,1,994123080
73,69,1,994123080
73,69,1,994138740
73,69,1,994138740
73,69,1,994138740
73,69,1,994138740
92,107,1,994141758
19,70,1,994147901
19,20,1,994147901
19,141,1,994147901
19,20,1,994147901
19,141,1,994147901
2,19,1,994150593
2,70,1,994150593
24,88,1,994150693
24,124,1,994150693
24,34,1,994150693
24,124,1,994150693
24,34,1,994150693
92,113,1,994152752
92,121,1,994152752
92,83,1,994152752
92,39,1,994152752
92,45,1,994152752
24,88,1,994154549
24,113,1,994154549
24,113,1,994154549
124,43,1,994157139
34,24,1,994165130
33,57,1,994165834
13,67,1,994170437
13,67,1,994170437
101,77,1,994170812
101,77,1,994170812
132,97,1,994171944
86,130,1,994172488
18,32,1,994172868
13,67,1,994174682
13,67,1,994174682
73,69,1,994174740
73,69,1,994174740
69,73,1,994219200
69,73,1,994219200
73,69,1,994306560
73,69,1,994306560
73,69,1,994307400
73,69,1,994307400
73,69,1,994307400
73,69,1,994307400
24,88,1,994308929
24,1,1,994314234
92,124,1,994316095
92,83,1,994316095
92,83,1,994316095
92,124,1,994316095
92,83,1,994316095
92,83,1,994316095
92,124,1,994316095
92,83,1,994316095
92,83,1,994316095
73,69,1,994319340
73,69,1,994319340
69,73,1,994321920
18,18,1,994322129
18,18,1,994322129
18,18,1,994322129
18,18,1,994322129
18,18,1,994323748
6,50,1,994324328
69,73,1,994325100
33,38,1,994327973
33,38,1,994328990
83,124,1,994334120
83,124,1,994334120
18,32,1,994336293
18,20,1,994336293
18,19,1,994336293
18,18,1,994336293
18,18,1,994336293
18,18,1,994337071
18,32,1,994337071
18,20,1,994337071
18,19,1,994337071
38,107,1,994338300
122,107,1,994341780
73,69,1,994343400
73,69,1,994343400
86,133,1,994347743
133,130,1,994351854
133,130,1,994352036
73,69,1,994355340
73,69,1,994392120
73,69,1,994392120
73,69,1,994392540
69,73,1,994392720
73,69,1,994397280
73,69,1,994397700
24,88,1,994398175
73,69,1,994400160
73,69,1,994400160
69,73,1,994400520
73,69,1,994400880
70,141,1,994402806
70,20,1,994402806
70,19,1,994402806
70,70,1,994402806
70,70,1,994402806
70,141,1,994402806
70,20,1,994402806
70,19,1,994402806
70,70,1,994402806
70,70,1,994402806
20,70,1,994403710
33,112,1,994408255
33,38,1,994408255
33,38,1,994408255
33,112,1,994408255
33,38,1,994408255
33,38,1,994408255
124,34,1,994408750
73,69,1,994409340
73,69,1,994409340
69,73,1,994409520
73,69,1,994410060
69,73,1,994410180
57,76,1,994410389
57,75,1,994410389
69,54,1,994427073
69,107,1,994427073
69,54,1,994427105
69,107,1,994427105
73,69,1,994428120
73,69,1,994428540
73,69,1,994433280
73,69,1,994433700
73,69,1,994436160
73,69,1,994436880
69,54,1,994444560
69,107,1,994444560
69,54,1,994445040
69,107,1,994445040
69,54,1,994445100
69,107,1,994445100
73,69,1,994445340
73,69,1,994445340
73,69,1,994446060
73,69,1,994566300
73,69,1,994598220
73,54,1,994598220
73,107,1,994598220
73,69,1,994598400
73,69,1,994602300
85,86,1,994609203
73,69,1,994634220
73,54,1,994634220
73,107,1,994634220
73,69,1,994634220
73,54,1,994634220
73,107,1,994634220
73,69,1,994634400
24,88,1,994654428
73,69,1,994656600
28,18,1,994658025
69,73,1,994661160
73,69,1,994662960
73,69,1,994663140
73,73,1,994669020
73,73,1,994669020
73,73,1,994673580
73,73,1,994673580
91,44,1,994676967
73,69,1,994677000
73,69,1,994677360
73,69,1,994682820
73,54,1,994682820
73,107,1,994682820
91,44,1,994684037
91,44,1,994690016
73,69,1,994692600
75,11,1,994693637
6,67,1,994698606
73,69,1,994698960
73,69,1,994699140
73,54,1,994700871
73,107,1,994700871
73,54,1,994700871
73,107,1,994700871
73,73,1,994705020
73,73,1,994709580
73,73,1,994709580
73,69,1,994713000
73,69,1,994713360
73,69,1,994718820
73,54,1,994718820
73,107,1,994718820
69,73,1,994726320
73,69,1,994732260
18,18,1,994739198
73,69,1,994739220
73,69,1,994739220
69,73,1,994739340
10,71,1,994740826
10,61,1,994740826
73,69,1,994742700
91,44,1,994742992
24,113,1,994743887
24,113,1,994744429
33,57,1,994752550
18,18,1,994753851
18,18,1,994753851
73,69,1,994757640
73,69,1,994757640
73,69,1,994757640
73,69,1,994757640
73,69,1,994758660
69,73,1,994762320
32,68,1,994767362
49,43,1,994767660
49,118,1,994767660
49,22,1,994767660
49,35,1,994767660
49,82,1,994767660
73,69,1,994768260
10,71,1,994768315
10,71,1,994768315
10,71,1,994768349
73,69,1,994775220
69,73,1,994775340
18,28,1,994777564
73,69,1,994778700
18,18,1,994783888
18,18,1,994783888
128,105,1,994784051
128,100,1,994784051
73,69,1,994789200
73,69,1,994789380
73,69,1,994789380
73,69,1,994793640
73,69,1,994793640
73,69,1,994794660
73,69,1,994816920
73,69,1,994825200
73,69,1,994825380
73,69,1,994825380
73,69,1,994827480
73,69,1,994828500
73,69,1,994828500
83,126,1,994828828
83,126,1,994828999
83,126,1,994829101
83,126,1,994829281
91,44,1,994830530
10,21,1,994831001
10,17,1,994831001
10,71,1,994831001
10,21,1,994831001
10,17,1,994831001
10,71,1,994831001
14,73,1,994831823
14,73,1,994832755
73,69,1,994837980
73,69,1,994837980
73,69,1,994837980
73,69,1,994837980
76,75,1,994838719
10,38,1,994839940
24,88,1,994841901
124,34,1,994846930
124,31,1,994846930
124,35,1,994846930
33,57,1,994848563
73,69,1,994851300
27,65,1,994854274
73,69,1,994855020
73,69,1,994855020
59,91,1,994858750
59,91,1,994858761
33,57,1,994862497
13,9,1,994863651
13,9,1,994863651
33,76,1,994864627
13,67,1,994864792
122,107,1,994870847
10,126,1,994914269
91,44,1,994916483
65,16,1,994924682
65,52,1,994924682
65,75,1,994924682
65,27,1,994924682
65,14,1,994924682
65,67,1,994924682
73,69,1,994925340
27,52,1,994928813
27,52,1,994929345
83,126,1,994930276
36,129,1,994935309
65,27,1,994943170
65,27,1,994943170
65,27,1,994943908
27,65,1,994945133
107,107,1,994945957
107,65,1,994945957
107,92,1,994945957
107,39,1,994945957
107,107,1,994945957
107,65,1,994945957
107,92,1,994945957
107,39,1,994945957
107,107,1,994945957
107,65,1,994945957
107,92,1,994945957
107,39,1,994945957
13,50,1,994945988
13,9,1,994945988
13,48,1,994945988
13,50,1,994948038
13,48,1,994948038
13,9,1,994948038
13,67,1,994948038
13,6,1,994948038
13,57,1,994948038
13,76,1,994953277
109,109,1,994953406
109,109,1,994953406
18,32,1,994957465
18,32,1,994957465
68,66,1,994998314
91,44,1,995002090
10,17,1,995006739
79,79,1,995011234
19,141,1,995013822
19,20,1,995013822
19,70,1,995013822
19,70,1,995013822
13,67,1,995013957
6,65,1,995018912
73,54,1,995019060
73,107,1,995019060
73,69,1,995019060
73,54,1,995019060
73,107,1,995019060
73,69,1,995019060
73,54,1,995019060
73,107,1,995019060
73,69,1,995019060
73,54,1,995019060
73,107,1,995019060
73,69,1,995019060
73,54,1,995019060
73,107,1,995019060
73,69,1,995019060
73,38,1,995019660
73,38,1,995019660
2,19,1,995030210
2,70,1,995030210
2,20,1,995030210
20,19,1,995030373
20,70,1,995030373
20,2,1,995032418
73,54,1,995037102
73,107,1,995037102
73,10,1,995037102
73,69,1,995037102
73,54,1,995037102
73,107,1,995037102
73,10,1,995037102
73,69,1,995037102
18,18,1,995037467
73,38,1,995037668
73,38,1,995037668
73,54,1,995055060
73,107,1,995055060
73,69,1,995055060
73,54,1,995055060
73,107,1,995055060
73,69,1,995055060
73,38,1,995265600
10,126,1,995265877
6,16,1,995267930
73,69,1,995269680
73,69,1,995269800
18,18,1,995270980
18,18,1,995270980
151,129,1,995271337
151,69,1,995271337
76,103,1,995271364
38,73,1,995272020
73,38,1,995272860
73,137,1,995277120
73,141,1,995277120
73,69,1,995277120
73,69,1,995277120
17,59,1,995277482
17,21,1,995277482
17,10,1,995277482
17,26,1,995277482
17,40,1,995277482
17,61,1,995277482
17,41,1,995277482
17,25,1,995277482
17,49,1,995277482
17,38,1,995277482
17,59,1,995277482
17,21,1,995277482
17,10,1,995277482
17,26,1,995277482
17,40,1,995277482
17,61,1,995277482
17,41,1,995277482
17,25,1,995277482
17,49,1,995277482
17,38,1,995277482
18,32,1,995277857
36,129,1,995277919
137,141,1,995278020
137,73,1,995278020
137,141,1,995278020
137,73,1,995278020
149,87,1,995278876
149,115,1,995278876
149,135,1,995278876
149,135,1,995278876
28,70,1,995280507
28,70,1,995280507
73,38,1,995283649
2,2,1,995287538
105,128,1,995290157
105,100,1,995290157
105,128,1,995290157
105,100,1,995290157
17,71,1,995295310
17,56,1,995295310
124,34,1,995297713
124,31,1,995297713
124,35,1,995297713
124,34,1,995297713
124,31,1,995297713
124,35,1,995297713
52,27,1,995299287
92,49,1,995302069
38,73,1,995308020
137,141,1,995314020
137,73,1,995314020
137,141,1,995314020
137,73,1,995314020
38,73,1,995333400
38,37,1,995333400
38,17,1,995333400
73,69,1,995346060
73,69,1,995346060
73,73,1,995349000
73,73,1,995349000
73,73,1,995349000
73,73,1,995349000
73,38,1,995350680
38,73,1,995350860
38,73,1,995350860
73,69,1,995350920
19,20,1,995351088
19,70,1,995351088
19,20,1,995351088
19,70,1,995351088
36,129,1,995352336
20,141,1,995355665
20,70,1,995355665
20,19,1,995355665
124,34,1,995357570
124,31,1,995357570
124,35,1,995357570
124,34,1,995357570
124,31,1,995357570
124,35,1,995357570
65,27,1,995364148
65,6,1,995364148
73,38,1,995368738
38,73,1,995369400
38,37,1,995369400
38,17,1,995369400
76,75,1,995371313
76,75,1,995371313
76,75,1,995372097
76,75,1,995372097
73,69,1,995373060
73,69,1,995373060
10,17,1,995376460
10,21,1,995376460
10,71,1,995376460
75,11,1,995377705
82,43,1,995379690
82,31,1,995379690
82,35,1,995379690
44,100,1,995380232
91,100,1,995381008
91,100,1,995381008
128,105,1,995381572
128,100,1,995381572
128,105,1,995381572
128,100,1,995381572
73,69,1,995382060
73,69,1,995382060
49,119,1,995382089
49,24,1,995382089
49,34,1,995382089
49,88,1,995382089
73,73,1,995385000
73,73,1,995385000
73,73,1,995385000
73,73,1,995385000
18,32,1,995386789
38,73,1,995386860
38,73,1,995386860
73,69,1,995386920
18,18,1,995386940
18,18,1,995386940
18,32,1,995387220
73,69,1,995409060
24,86,1,995429179
91,44,1,995434042
44,92,1,995435188
10,17,1,995438473
111,44,1,995439542
10,126,1,995440989
13,123,1,995445782
13,57,1,995445782
13,67,1,995445782
13,6,1,995445782
13,50,1,995445782
13,48,1,995445782
13,9,1,995445782
13,67,1,995445782
13,6,1,995445782
13,50,1,995445782
13,48,1,995445782
13,9,1,995445782
73,69,1,995446980
73,69,1,995447520
73,129,1,995447700
73,69,1,995447880
73,69,1,995447880
65,50,1,995447927
65,16,1,995447927
65,13,1,995447927
65,48,1,995447927
65,52,1,995447927
65,75,1,995447927
65,9,1,995447927
65,76,1,995447927
65,27,1,995447927
65,14,1,995447927
65,67,1,995447927
65,50,1,995447927
65,16,1,995447927
65,13,1,995447927
65,48,1,995447927
65,52,1,995447927
65,75,1,995447927
65,9,1,995447927
65,76,1,995447927
65,27,1,995447927
65,14,1,995447927
65,67,1,995447927
18,32,1,995454048
79,79,1,995455277
65,54,1,995455708
73,69,1,995457240
42,60,1,995458521
42,57,1,995458521
92,83,1,995461110
92,69,1,995461110
92,49,1,995461110
92,83,1,995461110
92,69,1,995461110
92,49,1,995461110
73,69,1,995462280
73,69,1,995462280
17,10,1,995464080
17,26,1,995464080
17,41,1,995464080
17,21,1,995464080
17,40,1,995464080
17,61,1,995464080
17,25,1,995464080
17,59,1,995464080
17,71,1,995464080
17,56,1,995464080
17,10,1,995464080
17,26,1,995464080
17,41,1,995464080
17,21,1,995464080
17,40,1,995464080
17,61,1,995464080
17,25,1,995464080
17,59,1,995464080
17,71,1,995464080
17,56,1,995464080
44,36,1,995465592
73,129,1,995465721
75,11,1,995468525
18,32,1,995470296
73,69,1,995482980
73,69,1,995483880
73,69,1,995498280
73,69,1,995498280
73,69,1,995510400
69,73,1,995510400
73,69,1,995510820
73,69,1,995510820
73,69,1,995510820
57,60,1,995521977
124,34,1,995525155
124,31,1,995525155
124,35,1,995525155
124,34,1,995525155
124,31,1,995525155
124,35,1,995525155
73,69,1,995526840
16,36,1,995526998
10,71,1,995527091
10,17,1,995527091
10,21,1,995527091
10,71,1,995527091
10,17,1,995527091
10,21,1,995527091
49,69,1,995527320
76,117,1,995533023
76,117,1,995533023
149,87,1,995533345
149,115,1,995533345
76,57,1,995536131
76,33,1,995536131
19,20,1,995536209
19,70,1,995536209
19,20,1,995536209
19,70,1,995536209
76,75,1,995537441
76,75,1,995537441
54,123,1,995537464
24,88,1,995538282
24,88,1,995538282
75,76,1,995539124
13,67,1,995541039
6,67,1,995543774
133,130,1,995546595
73,69,1,995546820
76,76,1,995550230
6,13,1,995558301
69,73,1,995567520
69,69,1,995567520
69,73,1,995567520
69,69,1,995567520
69,73,1,995567520
69,69,1,995567520
73,54,1,995598900
73,107,1,995598900
73,69,1,995598900
73,69,1,995601480
51,51,1,995611299
6,67,1,995611523
124,34,1,995611764
124,118,1,995611764
124,108,1,995611764
124,121,1,995611764
124,34,1,995611764
124,118,1,995611764
124,108,1,995611764
124,121,1,995611764
92,107,1,995614110
92,107,1,995614110
92,107,1,995614110
92,107,1,995614110
75,76,1,995614378
49,92,1,995614846
49,119,1,995614846
49,24,1,995614846
49,34,1,995614846
49,88,1,995614846
49,23,1,995614846
49,23,1,995614846
73,54,1,995616945
73,107,1,995616945
73,23,1,995616945
73,54,1,995616945
73,107,1,995616945
73,23,1,995616945
73,54,1,995616945
73,107,1,995616945
73,23,1,995616945
101,42,1,995619191
70,141,1,995619399
70,20,1,995619399
70,19,1,995619399
70,70,1,995619399
70,70,1,995619399
70,141,1,995619399
70,20,1,995619399
70,19,1,995619399
70,70,1,995619399
70,70,1,995619399
123,54,1,995620894
6,16,1,995621998
124,43,1,995628108
24,88,1,995629440
24,88,1,995629440
6,67,1,995629645
6,67,1,995632699
6,67,1,995635273
76,75,1,995638539
76,75,1,995638539
13,67,1,995639563
13,67,1,995639563
23,107,1,995640423
18,18,1,995641682
18,18,1,995641682
18,20,1,995642632
18,19,1,995642632
18,28,1,995642632
18,141,1,995642632
18,18,1,995642632
18,32,1,995642632
18,18,1,995642632
18,32,1,995642632
73,69,1,995649780
73,69,1,995649780
73,54,1,995689620
73,107,1,995689620
73,69,1,995689620
73,54,1,995690940
73,107,1,995690940
73,69,1,995690940
73,69,1,995700660
73,54,1,995707660
73,107,1,995707660
73,23,1,995707660
73,54,1,995707660
73,107,1,995707660
73,23,1,995707660
73,54,1,995708995
73,107,1,995708995
73,23,1,995708995
73,54,1,995708995
73,107,1,995708995
73,23,1,995708995
73,54,1,995708995
73,107,1,995708995
73,23,1,995708995
73,54,1,995811840
73,107,1,995811840
73,69,1,995811840
73,54,1,995829868
73,107,1,995829868
73,23,1,995829868
73,54,1,995829868
73,107,1,995829868
73,23,1,995829868
73,54,1,995829868
73,107,1,995829868
73,23,1,995829868
24,88,1,995862041
28,18,1,995863789
28,20,1,995863789
28,19,1,995863789
28,141,1,995863789
28,32,1,995863789
28,32,1,995863789
73,69,1,995866860
51,69,1,995868518
51,69,1,995868518
73,69,1,995870100
73,69,1,995870100
20,141,1,995872738
6,50,1,995872764
6,13,1,995872764
6,48,1,995872764
6,9,1,995872764
20,141,1,995873054
20,141,1,995873054
86,87,1,995873071
20,141,1,995874627
28,70,1,995876248
28,18,1,995876248
28,70,1,995876248
28,18,1,995876248
28,70,1,995876248
28,18,1,995876248
28,70,1,995876248
28,18,1,995876248
20,141,1,995876336
73,69,1,995876400
109,109,1,995876495
109,109,1,995876495
2,20,1,995877738
2,141,1,995877738
2,141,1,995877738
123,123,1,995879195
123,57,1,995879195
73,73,1,995892360
73,69,1,995892420
79,79,1,995892911
91,44,1,995893552
79,79,1,995894284
44,104,1,995896436
44,91,1,995896436
20,70,1,995900970
20,70,1,995900970
18,18,1,995901052
18,18,1,995901052
49,73,1,995940540
73,73,1,995947320
73,69,1,995947320
73,107,1,995947320
73,73,1,995947320
73,69,1,995947320
73,107,1,995947320
28,18,1,995950785
24,113,1,995956258
10,17,1,995957985
10,21,1,995957985
10,71,1,995957985
10,21,1,995958260
10,71,1,995958260
10,21,1,995958260
10,71,1,995958260
118,83,1,995958300
118,83,1,995958300
73,69,1,995958600
49,119,1,995960618
49,24,1,995960618
49,34,1,995960618
49,88,1,995960618
49,23,1,995960618
49,23,1,995960618
49,119,1,995962410
49,24,1,995962410
49,34,1,995962410
49,88,1,995962410
49,23,1,995962410
49,23,1,995962410
13,48,1,995964882
73,73,1,995965327
73,69,1,995965327
76,117,1,995968611
149,87,1,995970447
149,115,1,995970447
149,87,1,995970447
149,115,1,995970447
18,4,1,995973629
73,73,1,995976120
73,73,1,995976120
73,107,1,995976120
73,107,1,995976120
49,73,1,995976540
73,69,1,995976643
73,73,1,995983320
73,69,1,995983320
73,107,1,995983320
18,32,1,995985726
18,18,1,995985726
18,32,1,995985726
18,18,1,995985726
51,127,1,995993228
51,69,1,995993228
51,69,1,995993228
73,23,1,995994152
73,51,1,995994152
73,107,1,995994152
73,23,1,995994152
73,51,1,995994152
73,107,1,995994152
51,69,1,996040790
51,151,1,996040945
79,79,1,996041438
79,79,1,996041509
73,107,1,996043860
123,54,1,996043917
123,54,1,996043917
51,151,1,996046186
33,75,1,996047738
75,33,1,996050937
151,51,1,996052573
6,67,1,996053789
6,50,1,996053789
6,13,1,996053789
6,48,1,996053789
6,9,1,996053789
73,132,1,996063360
73,73,1,996063360
73,17,1,996063360
73,69,1,996063360
73,113,1,996063360
73,107,1,996063360
10,17,1,996068648
10,71,1,996068896
10,71,1,996068896
33,57,1,996070456
73,132,1,996081416
73,10,1,996081416
73,73,1,996081416
73,17,1,996081416
73,109,1,996081416
73,51,1,996081416
73,92,1,996081416
73,69,1,996081416
73,23,1,996081416
73,39,1,996081416
73,83,1,996081416
73,113,1,996081416
73,14,1,996081416
73,23,1,996081416
73,51,1,996081416
73,107,1,996081416
73,69,1,996121260
73,107,1,996121260
73,54,1,996121260
73,32,1,996123000
73,141,1,996123000
73,137,1,996123000
73,69,1,996123000
10,38,1,996124979
32,73,1,996125280
73,32,1,996126120
32,73,1,996126360
51,69,1,996127987
51,23,1,996127987
51,74,1,996128303
51,151,1,996128475
109,109,1,996131742
109,109,1,996131742
18,18,1,996134554
18,18,1,996134554
13,48,1,996135581
6,48,1,996137508
6,48,1,996137508
75,38,1,996137669
73,23,1,996139273
73,107,1,996139273
73,54,1,996139273
73,14,1,996139273
76,57,1,996140283
73,32,1,996141000
73,141,1,996141000
73,137,1,996141000
73,69,1,996141000
91,44,1,996142786
91,104,1,996142786
91,104,1,996142786
73,32,1,996143340
73,69,1,996145020
86,130,1,996147444
86,133,1,996147444
86,130,1,996147444
86,133,1,996147444
10,17,1,996149056
10,17,1,996149056
79,79,1,996150800
79,79,1,996151046
44,33,1,996151517
44,33,1,996151825
13,50,1,996153831
13,50,1,996153831
33,57,1,996154076
73,23,1,996154908
14,16,1,996157874
14,16,1,996157874
76,57,1,996158775
13,50,1,996158886
68,3,1,996159129
24,88,1,996160314
57,33,1,996161235
32,73,1,996161280
32,73,1,996162360
73,14,1,996167833
105,128,1,996221660
105,100,1,996221660
105,128,1,996221660
105,100,1,996221660
20,70,1,996222742
20,70,1,996222742
20,19,1,996222873
14,23,1,996224015
2,20,1,996224238
2,19,1,996224238
2,70,1,996224238
2,141,1,996224238
2,141,1,996224238
2,20,1,996224238
2,19,1,996224238
2,70,1,996224238
2,141,1,996224238
2,141,1,996224238
20,141,1,996224591
137,137,1,996225863
137,29,1,996225863
137,141,1,996225863
137,20,1,996225863
137,32,1,996225863
137,66,1,996225863
137,68,1,996225863
137,137,1,996226369
137,4,1,996226369
20,19,1,996226370
33,57,1,996231537
57,33,1,996231739
137,137,1,996234152
137,29,1,996234152
137,137,1,996234152
86,115,1,996234340
86,87,1,996234340
91,78,1,996237495
33,75,1,996238305
33,75,1,996238305
57,75,1,996238856
20,70,1,996242301
68,3,1,996242312
20,141,1,996242443
20,32,1,996242502
44,33,1,996242840
44,91,1,996242865
20,141,1,996243047
20,141,1,996243047
76,41,1,996243102
20,32,1,996243174
44,33,1,996243572
32,18,1,996243672
91,111,1,996243773
86,130,1,996244674
86,133,1,996244674
86,87,1,996244674
55,20,1,996245631
76,57,1,996246226
76,57,1,996248296
28,18,1,996248963
28,18,1,996248963
18,18,1,996255081
18,18,1,996255081
86,130,1,996255474
86,133,1,996255474
86,87,1,996255474
20,19,1,996313401
85,149,1,996366725
14,65,1,996397045
128,105,1,996397957
128,100,1,996397957
17,38,1,996414352
75,38,1,996416276
17,38,1,996416573
73,107,1,996462420
73,69,1,996462420
73,69,1,996466560
73,69,1,996467040
18,32,1,996469319
10,26,1,996470632
23,69,1,996471339
23,69,1,996471339
73,69,1,996471960
18,18,1,996472470
18,18,1,996472470
73,69,1,996474420
73,69,1,996474420
70,20,1,996475397
70,20,1,996475397
68,3,1,996475432
17,10,1,996478015
17,26,1,996478015
17,41,1,996478015
17,21,1,996478015
17,40,1,996478015
17,61,1,996478015
17,25,1,996478015
17,59,1,996478015
17,71,1,996478015
17,56,1,996478015
20,70,1,996478151
20,70,1,996478151
2,19,1,996480144
2,70,1,996480144
2,20,1,996480144
2,19,1,996480144
2,70,1,996480144
2,20,1,996480144
73,107,1,996480422
73,69,1,996480422
73,107,1,996480422
73,69,1,996480422
49,119,1,996481271
49,24,1,996481271
49,34,1,996481271
49,88,1,996481271
49,23,1,996481271
49,23,1,996481271
66,129,1,996482180
17,10,1,996482226
17,26,1,996482226
17,41,1,996482226
17,21,1,996482226
17,40,1,996482226
17,61,1,996482226
17,25,1,996482226
17,59,1,996482226
17,71,1,996482226
17,56,1,996482226
2,3,1,996482388
18,32,1,996482551
73,69,1,996484140
68,66,1,996486322
68,29,1,996486322
91,78,1,996487675
36,129,1,996487753
73,73,1,996488220
73,73,1,996488220
73,69,1,996490016
73,69,1,996490016
73,69,1,996490860
20,3,1,996491172
20,68,1,996491172
73,69,1,996491640
75,33,1,996492047
75,33,1,996492047
49,124,1,996492346
49,121,1,996492346
49,108,1,996492346
49,83,1,996492346
79,79,1,996495667
20,70,1,996495696
10,71,1,996495775
33,75,1,996497040
33,75,1,996497040
86,87,1,996498761
86,87,1,996498761
33,57,1,996499086
13,67,1,996499342
13,67,1,996499342
13,67,1,996499342
13,67,1,996499342
20,141,1,996499903
70,141,1,996500192
70,20,1,996500192
70,19,1,996500192
70,70,1,996500192
70,70,1,996500192
70,141,1,996500192
70,20,1,996500192
70,19,1,996500192
70,70,1,996500192
70,70,1,996500192
20,19,1,996502468
20,19,1,996502468
67,6,1,996504762
49,43,1,996506078
49,39,1,996506078
49,118,1,996506078
49,22,1,996506078
49,35,1,996506078
49,82,1,996506078
49,23,1,996506078
49,23,1,996506078
107,10,1,996506262
107,44,1,996506262
107,45,1,996506262
107,39,1,996506262
107,17,1,996506262
107,65,1,996506262
107,107,1,996506262
107,103,1,996506262
107,96,1,996506262
107,92,1,996506262
107,126,1,996506262
107,83,1,996506262
107,132,1,996506262
107,38,1,996506262
107,11,1,996506262
107,78,1,996506262
107,77,1,996506262
107,10,1,996506262
107,44,1,996506262
107,45,1,996506262
107,39,1,996506262
107,17,1,996506262
107,65,1,996506262
107,107,1,996506262
107,103,1,996506262
107,96,1,996506262
107,92,1,996506262
107,126,1,996506262
107,83,1,996506262
107,132,1,996506262
107,38,1,996506262
107,11,1,996506262
107,78,1,996506262
107,77,1,996506262
107,10,1,996506262
107,44,1,996506262
107,45,1,996506262
107,39,1,996506262
107,17,1,996506262
107,65,1,996506262
107,107,1,996506262
107,103,1,996506262
107,96,1,996506262
107,92,1,996506262
107,126,1,996506262
107,83,1,996506262
107,132,1,996506262
107,38,1,996506262
107,11,1,996506262
107,78,1,996506262
107,77,1,996506262
17,10,1,996506611
17,26,1,996506611
17,41,1,996506611
17,21,1,996506611
17,40,1,996506611
17,61,1,996506611
17,25,1,996506611
17,59,1,996506611
17,71,1,996506611
17,56,1,996506611
17,10,1,996506611
17,26,1,996506611
17,41,1,996506611
17,21,1,996506611
17,40,1,996506611
17,61,1,996506611
17,25,1,996506611
17,59,1,996506611
17,71,1,996506611
17,56,1,996506611
77,90,1,996508142
24,148,1,996509304
73,69,1,996509693
73,69,1,996542220
73,69,1,996543480
73,69,1,996544380
73,69,1,996544440
73,69,1,996553980
28,18,1,996554115
92,39,1,996558435
75,33,1,996566352
33,57,1,996566742
68,3,1,996567477
18,32,1,996567583
18,32,1,996567583
92,39,1,996567677
20,141,1,996570300
73,69,1,996573540
83,126,1,996573827
26,17,1,996574296
26,17,1,996574296
18,70,1,996575301
13,67,1,996578611
13,67,1,996578611
17,10,1,996579062
17,26,1,996579062
17,41,1,996579062
17,21,1,996579062
17,40,1,996579062
17,61,1,996579062
17,25,1,996579062
17,59,1,996579062
17,71,1,996579062
17,56,1,996579062
73,69,1,996581580
73,73,1,996582060
86,87,1,996583780
75,38,1,996588039
76,75,1,996589330
76,75,1,996589330
109,36,1,996589910
75,38,1,996591132
75,38,1,996591132
13,57,1,996592229
13,57,1,996592405
28,32,1,996596101
28,18,1,996596101
28,32,1,996596101
28,18,1,996596101
