9,50,1,973038300
9,48,1,973038300
9,67,1,973038300
9,50,1,973038300
9,48,1,973038300
9,67,1,973038300
67,48,1,973039860
67,48,1,973039860
61,61,1,973043340
61,61,1,973043340
44,78,1,973045020
125,61,1,973045260
125,61,1,973046340
76,136,1,973047720
73,69,1,973048500
27,69,1,973050840
27,69,1,973050840
73,69,1,973055820
73,139,1,973055820
49,59,1,973056000
139,73,1,973057200
20,70,1,973057860
20,19,1,973057860
48,67,1,973059540
48,67,1,973059540
48,67,1,973059540
48,67,1,973059540
125,61,1,973061700
73,139,1,973062000
73,69,1,973062000
73,139,1,973062000
73,69,1,973062000
9,57,1,973063500
9,67,1,973063500
9,147,1,973063500
9,50,1,973063500
9,48,1,973063500
75,11,1,973065420
75,11,1,973065420
48,136,1,973068720
48,13,1,973068720
61,61,1,973068960
61,61,1,973068960
73,140,1,973070460
73,140,1,973070460
73,21,1,973080420
140,139,1,973122000
140,73,1,973122000
91,100,1,973122780
91,49,1,973122780
114,96,1,973122840
100,91,1,973124700
11,75,1,973127820
11,75,1,973127820
9,57,1,973129860
9,67,1,973129860
9,147,1,973129860
9,50,1,973129860
9,48,1,973129860
142,76,1,973130460
125,61,1,973130460
49,91,1,973132140
114,63,1,973133640
49,141,1,973133820
49,32,1,973133820
49,32,1,973133820
49,91,1,973139100
48,50,1,973140900
48,9,1,973140900
139,73,1,973141380
89,5,1,973142400
20,19,1,973143480
20,2,1,973143480
20,70,1,973143480
100,91,1,973146480
48,107,1,973147620
48,78,1,973147620
49,59,1,973150620
139,73,1,973153260
139,73,1,973153260
48,136,1,973154460
48,13,1,973154460
11,75,1,973154520
67,147,1,973156680
67,50,1,973156680
67,48,1,973156680
67,9,1,973156680
67,147,1,973156680
67,50,1,973156680
67,48,1,973156680
67,9,1,973156680
67,147,1,973156680
67,50,1,973156680
67,48,1,973156680
67,9,1,973156680
67,147,1,973156860
139,1,1,973159320
139,73,1,973159320
139,69,1,973159320
75,11,1,973159320
67,9,1,973161180
67,9,1,973161180
137,68,1,973211460
137,3,1,973211460
137,68,1,973211460
137,3,1,973211460
67,50,1,973212900
67,9,1,973213080
139,73,1,973215720
61,61,1,973218180
61,61,1,973218180
49,32,1,973221600
75,11,1,973221660
9,50,1,973223160
9,48,1,973223160
9,67,1,973223160
9,50,1,973223160
9,48,1,973223160
9,67,1,973223160
73,139,1,973224900
73,139,1,973224900
42,42,1,973228740
75,11,1,973229820
75,11,1,973229820
67,48,1,973230240
67,48,1,973230240
67,48,1,973230240
142,75,1,973231740
142,75,1,973231740
142,38,1,973232100
142,38,1,973232100
38,142,1,973232820
49,32,1,973233120
73,139,1,973233900
73,69,1,973233900
137,49,1,973234080
137,32,1,973234080
137,32,1,973234080
49,137,1,973234560
49,137,1,973234560
147,67,1,973234800
142,38,1,973235580
142,38,1,973235580
49,102,1,973236120
49,91,1,973236480
67,50,1,973237020
142,38,1,973237140
142,38,1,973237140
70,2,1,973239180
70,2,1,973239180
38,142,1,973240440
13,48,1,973241340
48,13,1,973241580
48,13,1,973241640
48,67,1,973242840
48,147,1,973242840
48,50,1,973242840
48,9,1,973242840
67,147,1,973243380
67,50,1,973243380
67,48,1,973243380
67,9,1,973243380
67,147,1,973243380
67,50,1,973243380
67,48,1,973243380
67,9,1,973243380
48,136,1,973244760
48,13,1,973244760
73,139,1,973328700
73,139,1,973328760
73,139,1,973329540
44,100,1,973413780
17,59,1,973425240
17,59,1,973430460
139,73,1,973472340
44,104,1,973475160
39,39,1,973475640
2,70,1,973475700
2,70,1,973475700
125,61,1,973476420
139,140,1,973478460
139,73,1,973478460
139,140,1,973478460
139,140,1,973478460
139,73,1,973478460
139,140,1,973478460
11,75,1,973479360
73,139,1,973479660
73,139,1,973479660
140,73,1,973480800
140,139,1,973480800
140,139,1,973480800
38,142,1,973482600
73,139,1,973483680
139,73,1,973485360
73,139,1,973486560
73,73,1,973486800
73,73,1,973486800
61,61,1,973487280
61,61,1,973487280
142,38,1,973487700
142,38,1,973487700
67,50,1,973488180
73,69,1,973488660
73,139,1,973488660
61,61,1,973489500
61,61,1,973489500
61,61,1,973489500
61,61,1,973489500
49,59,1,973490340
114,96,1,973491120
139,73,1,973491660
49,73,1,973492080
139,73,1,973493640
49,2,1,973496400
38,142,1,973497660
48,107,1,973497720
48,78,1,973497720
125,61,1,973498920
73,139,1,973499100
137,49,1,973501260
137,32,1,973501260
137,32,1,973501260
48,136,1,973501500
48,13,1,973501500
49,32,1,973502820
122,54,1,973504980
122,54,1,973504980
73,139,1,973508820
17,25,1,973521360
17,61,1,973521360
17,59,1,973521360
86,138,1,973554960
86,138,1,973556280
49,59,1,973556580
142,38,1,973558080
142,38,1,973558080
139,90,1,973558680
139,69,1,973558680
139,73,1,973558680
139,139,1,973558680
139,90,1,973558680
139,69,1,973558680
139,73,1,973558680
139,139,1,973558680
139,90,1,973558680
139,69,1,973558680
139,73,1,973558680
139,139,1,973558680
139,90,1,973558680
139,69,1,973558680
139,73,1,973558680
139,139,1,973558680
139,90,1,973558680
139,69,1,973558680
139,73,1,973558680
139,139,1,973558680
139,90,1,973558680
139,69,1,973558680
139,73,1,973558680
139,139,1,973558680
49,70,1,973561560
73,139,1,973564440
73,69,1,973564440
73,139,1,973564440
73,69,1,973564440
61,90,1,973572000
38,142,1,973572540
61,90,1,973574280
73,139,1,973574340
73,69,1,973574340
73,139,1,973574340
73,69,1,973574340
61,90,1,973575300
140,73,1,973575600
140,139,1,973575600
140,139,1,973575600
73,69,1,973576500
73,139,1,973576740
73,69,1,973576740
73,139,1,973576740
73,69,1,973576740
73,139,1,973576740
73,69,1,973576740
73,139,1,973576740
73,69,1,973576740
19,2,1,973577340
19,70,1,973577340
142,38,1,973577820
142,38,1,973577820
48,136,1,973578180
48,13,1,973578180
70,19,1,973578480
48,67,1,973578960
48,147,1,973578960
48,50,1,973578960
48,9,1,973578960
147,50,1,973581900
73,139,1,973581960
73,69,1,973581960
73,139,1,973581960
73,69,1,973581960
48,136,1,973583640
48,13,1,973583640
100,91,1,973584300
139,1,1,973585080
139,73,1,973586400
78,48,1,973587300
49,141,1,973587420
49,2,1,973587420
49,70,1,973587420
49,141,1,973587420
49,2,1,973587420
49,70,1,973587420
61,61,1,973587660
73,139,1,973592460
73,139,1,973592460
139,73,1,973592520
139,140,1,973592520
139,140,1,973592520
139,73,1,973592520
139,140,1,973592520
139,140,1,973592520
73,139,1,973592760
124,108,1,973593360
124,34,1,973593360
124,35,1,973593360
140,73,1,973640760
28,70,1,973644480
28,70,1,973644480
40,37,1,973650720
40,37,1,973650720
40,37,1,973650720
40,37,1,973650720
140,73,1,973651440
137,49,1,973655220
75,114,1,973655400
137,137,1,973655580
49,137,1,973655640
73,140,1,973659000
114,81,1,973662060
114,81,1,973662060
40,40,1,973663980
140,140,1,973668060
140,1,1,973668060
140,15,1,973668060
140,130,1,973668060
140,115,1,973668060
140,138,1,973668060
140,139,1,973668060
140,97,1,973668060
140,93,1,973668060
140,90,1,973668060
140,87,1,973668060
140,133,1,973668060
140,86,1,973668060
140,85,1,973668060
140,148,1,973668060
140,132,1,973668060
140,149,1,973668060
140,33,1,973668060
140,135,1,973668060
140,73,1,973668060
140,140,1,973668060
140,1,1,973668060
140,15,1,973668060
140,130,1,973668060
140,115,1,973668060
140,138,1,973668060
140,139,1,973668060
140,97,1,973668060
140,93,1,973668060
140,90,1,973668060
140,87,1,973668060
140,133,1,973668060
140,86,1,973668060
140,85,1,973668060
140,148,1,973668060
140,132,1,973668060
140,149,1,973668060
140,33,1,973668060
140,135,1,973668060
140,73,1,973668060
140,140,1,973668060
140,1,1,973668060
140,15,1,973668060
140,130,1,973668060
140,115,1,973668060
140,138,1,973668060
140,139,1,973668060
140,97,1,973668060
140,93,1,973668060
140,90,1,973668060
140,87,1,973668060
140,133,1,973668060
140,86,1,973668060
140,85,1,973668060
140,148,1,973668060
140,132,1,973668060
140,149,1,973668060
140,33,1,973668060
140,135,1,973668060
140,73,1,973668060
75,114,1,973668660
89,5,1,973670280
70,2,1,973670460
70,2,1,973670460
142,60,1,973670940
9,67,1,973674240
9,67,1,973674240
73,139,1,973674420
73,69,1,973674420
73,139,1,973674420
73,69,1,973674420
73,139,1,973674420
73,69,1,973674420
73,139,1,973674420
73,69,1,973674420
48,136,1,973679160
48,13,1,973679160
75,114,1,973681260
137,141,1,973728240
137,141,1,973728240
2,70,1,973729440
9,50,1,973730280
9,48,1,973730280
9,67,1,973730280
9,50,1,973730280
9,48,1,973730280
9,67,1,973730280
2,70,1,973730820
52,52,1,973731780
52,52,1,973731780
147,67,1,973734180
147,67,1,973734180
142,57,1,973734600
142,57,1,973735020
142,76,1,973737660
73,49,1,973742700
73,32,1,973746180
48,16,1,973746540
48,16,1,973746540
70,2,1,973747380
70,2,1,973747380
32,137,1,973747860
32,141,1,973747860
32,4,1,973747860
49,73,1,973751400
150,127,1,973752900
150,129,1,973752900
150,123,1,973752900
150,74,1,973752900
150,66,1,973752900
150,127,1,973752900
150,129,1,973752900
150,123,1,973752900
150,74,1,973752900
150,66,1,973752900
150,127,1,973752900
150,129,1,973752900
150,123,1,973752900
150,74,1,973752900
150,66,1,973752900
150,127,1,973752900
150,129,1,973752900
150,123,1,973752900
150,74,1,973752900
150,66,1,973752900
142,60,1,973753320
142,60,1,973753320
48,107,1,973753920
48,78,1,973753920
73,69,1,973755300
73,69,1,973755300
73,49,1,973755480
44,100,1,973756440
48,50,1,973757640
9,67,1,973761360
9,67,1,973761360
9,67,1,973761420
9,67,1,973761420
139,1,1,973761540
139,69,1,973761540
139,1,1,973761540
139,69,1,973761540
73,69,1,973770660
73,139,1,973770660
32,73,1,973815360
48,136,1,973818240
48,13,1,973818240
67,9,1,973818780
59,49,1,973821600
66,68,1,973824480
66,3,1,973824480
66,68,1,973824480
66,3,1,973824480
76,76,1,973824720
114,110,1,973824840
114,81,1,973824840
114,81,1,973824840
9,50,1,973826280
9,48,1,973826280
9,67,1,973826280
16,48,1,973828320
16,48,1,973828320
73,73,1,973830060
73,139,1,973830060
73,69,1,973830060
73,139,1,973830060
73,69,1,973830060
73,69,1,973832580
73,139,1,973832580
73,69,1,973832580
73,139,1,973832580
73,69,1,973832580
73,139,1,973832580
61,61,1,973834920
61,61,1,973834920
13,48,1,973836900
48,136,1,973839240
48,13,1,973839240
142,136,1,973842960
140,139,1,973843140
140,73,1,973843140
140,69,1,973843140
139,132,1,973843200
139,73,1,973843200
139,69,1,973843200
139,1,1,973843200
139,148,1,973843200
96,44,1,974021760
96,44,1,974021760
96,58,1,974027520
145,128,1,974075940
48,44,1,974077680
48,104,1,974077680
48,91,1,974077680
48,13,1,974078280
48,13,1,974078280
48,13,1,974078700
48,67,1,974082420
48,67,1,974082420
48,67,1,974082420
48,67,1,974082420
73,139,1,974082480
73,139,1,974082480
61,90,1,974083740
75,11,1,974084520
61,25,1,974092680
61,125,1,974092680
61,25,1,974092680
61,125,1,974092680
61,17,1,974093940
48,136,1,974094000
48,13,1,974094000
32,137,1,974095860
32,49,1,974095860
32,137,1,974095860
32,49,1,974095860
17,21,1,974096820
61,56,1,974096820
66,54,1,974097060
48,107,1,974097780
48,78,1,974097780
16,27,1,974098200
16,27,1,974098200
16,27,1,974098200
142,136,1,974098620
142,136,1,974098620
48,107,1,974099160
48,78,1,974099160
125,61,1,974100480
125,58,1,974100480
48,67,1,974100540
48,147,1,974100540
48,50,1,974100540
48,9,1,974100540
48,13,1,974100540
48,13,1,974100540
13,48,1,974100900
107,54,1,974101140
107,150,1,974101140
107,54,1,974101140
107,150,1,974101140
86,133,1,974104140
86,130,1,974104140
86,133,1,974104140
86,130,1,974104140
60,142,1,974104920
76,142,1,974106120
48,107,1,974106480
48,78,1,974106480
48,136,1,974106540
48,13,1,974106540
107,107,1,974106540
107,150,1,974106540
107,54,1,974106540
107,78,1,974106540
107,150,1,974106540
107,54,1,974106540
107,78,1,974106540
86,133,1,974107500
86,130,1,974107500
86,133,1,974107500
86,130,1,974107500
75,11,1,974110980
75,11,1,974111760
15,138,1,974129940
142,60,1,974158800
142,60,1,974158800
48,13,1,974160060
67,9,1,974163960
13,48,1,974165460
48,13,1,974165580
124,108,1,974165640
124,34,1,974165640
124,35,1,974165640
124,108,1,974165640
13,48,1,974167140
48,13,1,974167320
124,108,1,974167740
124,34,1,974167740
124,35,1,974167740
73,69,1,974168460
73,139,1,974168460
73,1,1,974168460
48,67,1,974168580
48,147,1,974168580
48,50,1,974168580
48,9,1,974168580
48,67,1,974168580
48,147,1,974168580
48,50,1,974168580
48,9,1,974168580
124,108,1,974169240
124,34,1,974169240
124,35,1,974169240
73,139,1,974169660
73,140,1,974169660
73,69,1,974169660
73,69,1,974169660
48,50,1,974171220
48,9,1,974171220
61,40,1,974174580
61,40,1,974174700
9,67,1,974175960
9,67,1,974175960
142,60,1,974177460
142,60,1,974177460
67,9,1,974177760
67,9,1,974177760
107,16,1,974179020
107,48,1,974179020
107,78,1,974179020
107,48,1,974179020
107,78,1,974179020
150,122,1,974179320
150,48,1,974179320
150,16,1,974179320
150,122,1,974179320
150,48,1,974179320
150,16,1,974179320
150,122,1,974179320
150,48,1,974179320
150,16,1,974179320
63,114,1,974181000
48,50,1,974181360
48,9,1,974181360
48,50,1,974181360
48,9,1,974181360
61,125,1,974185140
61,25,1,974185140
61,40,1,974185140
61,125,1,974185140
61,25,1,974185140
61,40,1,974185140
48,67,1,974187060
48,147,1,974187060
48,50,1,974187060
48,9,1,974187060
48,67,1,974187060
48,147,1,974187060
48,50,1,974187060
48,9,1,974187060
48,67,1,974187060
48,147,1,974187060
48,50,1,974187060
48,9,1,974187060
13,48,1,974191080
48,13,1,974191200
110,75,1,974191620
48,136,1,974192460
48,13,1,974192460
149,133,1,974193720
149,130,1,974193720
149,93,1,974193720
149,97,1,974193720
149,132,1,974193720
48,13,1,974193960
48,13,1,974193960
67,147,1,974198100
16,107,1,974216460
16,48,1,974216460
16,78,1,974216460
16,48,1,974216460
16,78,1,974216460
49,91,1,974218080
68,3,1,974245320
68,3,1,974245320
125,61,1,974246520
48,50,1,974247540
48,67,1,974248140
107,16,1,974248320
107,48,1,974248320
107,78,1,974248320
107,48,1,974248320
107,78,1,974248320
73,69,1,974249340
32,137,1,974249880
32,137,1,974249880
73,69,1,974250060
73,139,1,974250060
73,69,1,974250060
73,139,1,974250060
68,32,1,974251860
68,32,1,974251860
73,139,1,974252940
73,1,1,974252940
32,137,1,974253120
66,66,1,974254140
66,66,1,974254140
73,69,1,974255280
73,69,1,974255280
73,69,1,974255280
33,149,1,974255460
73,139,1,974255820
73,139,1,974255820
73,21,1,974257320
125,61,1,974257320
125,58,1,974257320
73,69,1,974257800
73,69,1,974257800
48,67,1,974258100
48,67,1,974258100
48,67,1,974258100
48,67,1,974258100
78,54,1,974260020
78,54,1,974260020
9,67,1,974260800
9,67,1,974260800
67,9,1,974261880
59,49,1,974263860
48,67,1,974265480
48,67,1,974265480
48,136,1,974265720
48,13,1,974265720
2,137,1,974269500
49,141,1,974270820
70,19,1,974271720
73,140,1,974274540
48,13,1,974275500
48,50,1,974275500
48,9,1,974275500
48,50,1,974275500
48,9,1,974275500
48,67,1,974275800
13,48,1,974275920
13,9,1,974275920
13,50,1,974275920
13,9,1,974275920
13,50,1,974275920
48,13,1,974276400
48,9,1,974276400
48,50,1,974276400
48,9,1,974276400
48,50,1,974276400
48,13,1,974276400
48,9,1,974276400
48,50,1,974276400
48,9,1,974276400
48,50,1,974276400
100,91,1,974277480
136,142,1,974278380
125,61,1,974278920
73,140,1,974287860
73,69,1,974287860
73,69,1,974288700
142,136,1,974330940
67,147,1,974333700
67,50,1,974333700
67,48,1,974333700
67,9,1,974333700
67,147,1,974333700
67,50,1,974333700
67,48,1,974333700
67,9,1,974333700
140,73,1,974335020
140,69,1,974335020
48,13,1,974337180
86,133,1,974337240
86,130,1,974337240
86,133,1,974337240
86,130,1,974337240
48,50,1,974337300
48,50,1,974337540
122,122,1,974342400
61,125,1,974343240
61,49,1,974343240
61,125,1,974343240
61,49,1,974343240
147,67,1,974343960
147,67,1,974343960
147,67,1,974344020
147,67,1,974344020
140,73,1,974344200
147,67,1,974344920
147,67,1,974344920
140,73,1,974345520
147,27,1,974345580
73,139,1,974346180
40,17,1,974347140
40,37,1,974347140
40,17,1,974347140
40,37,1,974347140
40,17,1,974347140
40,37,1,974347140
40,17,1,974347140
40,37,1,974347140
9,57,1,974347380
9,67,1,974347380
9,147,1,974347380
9,50,1,974347380
9,48,1,974347380
9,57,1,974348400
9,67,1,974348400
9,147,1,974348400
9,50,1,974348400
9,48,1,974348400
59,49,1,974348820
67,147,1,974350380
73,139,1,974350800
73,140,1,974351520
48,107,1,974352300
48,78,1,974352300
67,9,1,974352360
73,140,1,974352900
27,147,1,974356020
27,147,1,974356020
145,56,1,974356320
145,91,1,974356320
145,100,1,974356320
9,67,1,974356740
60,142,1,974358300
60,142,1,974358300
70,2,1,974360880
70,2,1,974360880
48,136,1,974362500
48,13,1,974362500
139,73,1,974366280
139,73,1,974366280
49,141,1,974367660
49,141,1,974367660
40,17,1,974417580
40,37,1,974417580
40,17,1,974417580
40,37,1,974417580
125,61,1,974421000
59,49,1,974428500
61,125,1,974429460
100,91,1,974429820
139,73,1,974433060
140,1,1,974433360
140,130,1,974433360
140,138,1,974433360
140,97,1,974433360
140,133,1,974433360
140,132,1,974433360
140,87,1,974433360
140,85,1,974433360
140,33,1,974433360
140,90,1,974433360
100,91,1,974433540
25,61,1,974435160
25,40,1,974435160
25,26,1,974435160
25,146,1,974435160
25,17,1,974435160
25,21,1,974435160
73,139,1,974441160
73,69,1,974442960
147,67,1,974444700
147,67,1,974444700
147,67,1,974444700
147,67,1,974444700
140,69,1,974449800
140,73,1,974449800
140,1,1,974449800
76,142,1,974454600
15,138,1,974470740
48,136,1,974600940
48,13,1,974600940
114,81,1,974608740
114,63,1,974608740
73,73,1,974613900
73,73,1,974613900
137,49,1,974629920
137,32,1,974632740
32,137,1,974639700
124,108,1,974677740
124,34,1,974677740
124,35,1,974677740
86,15,1,974677800
124,35,1,974678340
124,108,1,974680020
124,34,1,974680020
124,35,1,974680020
49,137,1,974680500
49,137,1,974680500
2,70,1,974681040
70,141,1,974681400
70,2,1,974681400
70,19,1,974681400
70,70,1,974681400
70,141,1,974681400
70,2,1,974681400
70,19,1,974681400
70,70,1,974681400
11,75,1,974683680
11,75,1,974683680
78,107,1,974685660
78,54,1,974685660
73,69,1,974685720
73,69,1,974685720
13,48,1,974686740
13,67,1,974688000
13,67,1,974688000
86,15,1,974688120
52,52,1,974688720
52,52,1,974688720
52,52,1,974688840
52,52,1,974688840
66,32,1,974689140
137,32,1,974689200
137,32,1,974689200
52,52,1,974690280
52,52,1,974690280
145,101,1,974691420
137,66,1,974691720
137,29,1,974691720
137,32,1,974691720
137,141,1,974691720
137,2,1,974691720
137,49,1,974691720
137,32,1,974691720
137,141,1,974691720
137,2,1,974691720
137,49,1,974691720
137,66,1,974691720
137,29,1,974691720
137,32,1,974691720
137,141,1,974691720
137,2,1,974691720
137,49,1,974691720
137,32,1,974691720
137,141,1,974691720
137,2,1,974691720
137,49,1,974691720
96,17,1,974693340
73,69,1,974694060
73,139,1,974694060
124,108,1,974700000
124,34,1,974700000
124,35,1,974700000
58,125,1,974700240
73,69,1,974701200
73,69,1,974701200
66,66,1,974703000
66,66,1,974703000
73,1,1,974706960
73,139,1,974706960
137,49,1,974709840
137,49,1,974709840
122,107,1,974710740
122,38,1,974711100
73,69,1,974711280
73,69,1,974713560
73,69,1,974717820
73,139,1,974717820
73,1,1,974717820
73,69,1,974717820
73,139,1,974717820
73,1,1,974717820
124,108,1,974763840
124,34,1,974763840
124,35,1,974763840
110,96,1,974765580
110,114,1,974765580
110,81,1,974765580
110,96,1,974765580
110,114,1,974765580
110,81,1,974765580
149,93,1,974769420
49,137,1,974772480
73,139,1,974772780
73,69,1,974772780
73,139,1,974772780
73,69,1,974772780
73,69,1,974772840
73,69,1,974772840
124,108,1,974773800
124,34,1,974773800
124,35,1,974773800
137,49,1,974774160
137,49,1,974774160
49,29,1,974774520
49,19,1,974774520
49,141,1,974774520
49,2,1,974774520
49,70,1,974774520
49,29,1,974774520
49,19,1,974774520
49,141,1,974774520
49,2,1,974774520
49,70,1,974774520
49,29,1,974774520
49,19,1,974774520
49,141,1,974774520
49,2,1,974774520
49,70,1,974774520
124,35,1,974774880
140,73,1,974776020
140,139,1,974776020
140,139,1,974776020
139,73,1,974779200
139,140,1,974779200
139,140,1,974779200
140,69,1,974780940
140,1,1,974780940
140,73,1,974780940
57,142,1,974783460
57,76,1,974783460
139,69,1,974787300
139,1,1,974787300
139,73,1,974787300
137,49,1,974788200
139,140,1,974788860
139,140,1,974788860
137,141,1,974789760
137,2,1,974789760
137,49,1,974789760
137,68,1,974789760
137,141,1,974789760
137,2,1,974789760
137,49,1,974789760
137,68,1,974789760
137,141,1,974789760
137,2,1,974789760
137,49,1,974789760
137,68,1,974789760
137,141,1,974789760
137,2,1,974789760
137,49,1,974789760
137,68,1,974789760
139,69,1,974789940
139,1,1,974789940
139,73,1,974789940
73,139,1,974795580
73,139,1,974797020
73,69,1,974804760
73,69,1,974804760
69,73,1,974806680
145,49,1,974810460
145,49,1,974810460
145,49,1,974810460
145,49,1,974810460
69,73,1,974845080
69,73,1,974845080
68,3,1,974847060
68,3,1,974847060
69,73,1,974850360
69,73,1,974850360
73,69,1,974857920
73,69,1,974857980
73,69,1,974858040
52,52,1,974862000
52,52,1,974862000
49,137,1,974862420
49,137,1,974862420
73,139,1,974863140
73,69,1,974863140
73,139,1,974863140
73,69,1,974863140
69,73,1,974863380
68,66,1,974863980
68,3,1,974863980
68,3,1,974863980
68,66,1,974863980
68,3,1,974863980
68,3,1,974863980
70,141,1,974864640
68,3,1,974864760
68,3,1,974864760
147,52,1,974865660
123,54,1,974865900
123,54,1,974865900
123,54,1,974865900
123,54,1,974865900
139,73,1,974866260
49,137,1,974866440
49,137,1,974866440
139,73,1,974866680
139,73,1,974867460
139,73,1,974868840
114,114,1,974869920
52,147,1,974870520
73,69,1,974880000
73,139,1,974880000
73,69,1,974880000
73,139,1,974880000
73,69,1,974880000
73,139,1,974880000
67,48,1,974881380
67,48,1,974881380
73,49,1,974888880
73,49,1,974888880
73,73,1,975132240
73,73,1,975132240
87,15,1,975183720
87,138,1,975183720
73,73,1,975210960
73,73,1,975210960
93,138,1,975223140
93,15,1,975223140
93,138,1,975223140
93,15,1,975223140
44,44,1,975228960
44,44,1,975230400
137,49,1,975237780
137,49,1,975237780
137,49,1,975238200
137,49,1,975238200
73,73,1,975243060
73,73,1,975243060
73,73,1,975243060
73,73,1,975243060
67,147,1,975284160
67,50,1,975284160
67,48,1,975284160
67,9,1,975284160
67,147,1,975284160
67,50,1,975284160
67,48,1,975284160
67,9,1,975284160
67,147,1,975284160
67,50,1,975284160
67,48,1,975284160
67,9,1,975284160
67,9,1,975284760
48,107,1,975295560
48,78,1,975295560
139,1,1,975298860
139,73,1,975298860
139,69,1,975298860
139,1,1,975298860
139,73,1,975298860
139,69,1,975298860
11,75,1,975299400
11,11,1,975299400
48,107,1,975301920
48,78,1,975301920
122,107,1,975303480
48,67,1,975310380
48,67,1,975310380
48,67,1,975310380
48,67,1,975310620
48,67,1,975310620
48,67,1,975310620
48,67,1,975310620
48,67,1,975311100
48,67,1,975311100
48,67,1,975311100
48,67,1,975311100
86,133,1,975311880
86,130,1,975311880
86,133,1,975311880
86,130,1,975311880
48,136,1,975313020
48,13,1,975313020
49,59,1,975314880
9,67,1,975314940
9,67,1,975314940
13,48,1,975316200
48,13,1,975316500
67,9,1,975316620
67,9,1,975316620
122,107,1,975317460
44,104,1,975318600
137,141,1,975319260
137,49,1,975319260
137,49,1,975319260
137,141,1,975319260
137,49,1,975319260
137,49,1,975319260
49,19,1,975321240
96,111,1,975322620
96,111,1,975322620
96,111,1,975322620
96,111,1,975322620
149,33,1,975323520
96,114,1,975325260
49,59,1,975370080
67,50,1,975370740
67,147,1,975371220
67,50,1,975371220
67,48,1,975371220
67,9,1,975371220
67,147,1,975371220
67,50,1,975371220
67,48,1,975371220
67,9,1,975371220
67,147,1,975371220
67,50,1,975371220
67,48,1,975371220
67,9,1,975371220
48,9,1,975372480
137,49,1,975373140
137,141,1,975373140
137,2,1,975373140
137,49,1,975373140
137,141,1,975373140
137,2,1,975373140
137,49,1,975373140
137,141,1,975373140
137,2,1,975373140
137,49,1,975373140
137,141,1,975373140
137,2,1,975373140
125,61,1,975373380
48,67,1,975373740
48,147,1,975373740
48,50,1,975373740
48,9,1,975373740
48,67,1,975373740
48,147,1,975373740
48,50,1,975373740
48,9,1,975373740
38,11,1,975374280
38,38,1,975374280
38,38,1,975374280
137,141,1,975375060
137,2,1,975375060
2,137,1,975375840
137,2,1,975376380
48,67,1,975377520
48,67,1,975377520
48,67,1,975377520
67,50,1,975377760
139,1,1,975379440
139,132,1,975379440
139,97,1,975379440
139,130,1,975379440
139,133,1,975379440
139,33,1,975379440
139,73,1,975379440
139,73,1,975379440
111,96,1,975379860
111,111,1,975379860
111,96,1,975379860
111,111,1,975379860
70,2,1,975380040
70,141,1,975380040
70,141,1,975380040
69,73,1,975382980
69,73,1,975382980
69,73,1,975382980
107,54,1,975383280
48,67,1,975383460
48,67,1,975383460
38,11,1,975383580
48,50,1,975384180
48,9,1,975384180
48,67,1,975384180
48,67,1,975384180
107,54,1,975384780
150,54,1,975385440
150,107,1,975385440
52,147,1,975386280
52,147,1,975386280
73,69,1,975387540
32,18,1,975387960
32,32,1,975387960
32,137,1,975387960
32,141,1,975387960
32,68,1,975387960
32,66,1,975387960
32,4,1,975387960
32,29,1,975387960
32,49,1,975387960
73,69,1,975388260
73,73,1,975388320
73,73,1,975388320
73,69,1,975388440
67,50,1,975389280
67,9,1,975389280
67,48,1,975389280
67,48,1,975389280
67,50,1,975389280
67,9,1,975389280
67,48,1,975389280
67,48,1,975389280
73,139,1,975389400
73,1,1,975389760
73,69,1,975389760
73,139,1,975389760
73,1,1,975389760
73,69,1,975389760
73,139,1,975389760
73,1,1,975389760
73,69,1,975389760
73,139,1,975389760
139,1,1,975390720
139,33,1,975390720
139,33,1,975390720
139,97,1,975390720
139,132,1,975390720
139,73,1,975390720
139,73,1,975390720
67,50,1,975390900
67,50,1,975390900
61,125,1,975391740
61,125,1,975391740
61,25,1,975395760
67,50,1,975396600
147,52,1,975396840
114,81,1,975397860
114,81,1,975400260
149,86,1,975400320
67,48,1,975400440
67,48,1,975400440
149,86,1,975400680
67,48,1,975401460
67,9,1,975401460
67,48,1,975401460
67,9,1,975401460
48,67,1,975402000
48,67,1,975402000
67,50,1,975403500
67,50,1,975403500
107,54,1,975405720
107,54,1,975405720
3,68,1,975405900
122,107,1,975408960
17,59,1,975423540
17,59,1,975423960
17,59,1,975424440
149,86,1,975459000
141,137,1,975459480
141,49,1,975459480
141,137,1,975459480
141,49,1,975459480
49,102,1,975460380
141,137,1,975460680
141,2,1,975460680
141,2,1,975460680
139,73,1,975460740
139,73,1,975460740
48,67,1,975461400
48,147,1,975461400
48,50,1,975461400
48,9,1,975461400
139,73,1,975463620
73,69,1,975466740
73,139,1,975466740
73,69,1,975466740
73,139,1,975466740
73,69,1,975466740
73,139,1,975466740
73,139,1,975467160
73,1,1,975467160
66,66,1,975470220
66,66,1,975470220
76,136,1,975471900
3,66,1,975472860
3,68,1,975472860
3,32,1,975472860
3,68,1,975472860
3,32,1,975472860
73,69,1,975477360
73,139,1,975477360
124,108,1,975478260
124,34,1,975478260
124,35,1,975478260
57,57,1,975479700
49,141,1,975479940
49,137,1,975479940
49,137,1,975479940
49,141,1,975479940
49,137,1,975479940
49,137,1,975479940
49,49,1,975480060
49,49,1,975480060
48,67,1,975482400
48,67,1,975482400
48,67,1,975482400
48,67,1,975482400
67,50,1,975483540
67,50,1,975483540
49,100,1,975486480
49,125,1,975486480
49,100,1,975486480
49,125,1,975486480
48,136,1,975486840
48,13,1,975486840
48,50,1,975487140
137,141,1,975487200
137,2,1,975487200
137,29,1,975487200
137,49,1,975487200
137,29,1,975487200
137,49,1,975487200
137,141,1,975487200
137,2,1,975487200
137,29,1,975487200
137,49,1,975487200
137,29,1,975487200
137,49,1,975487200
125,61,1,975487260
73,73,1,975491700
73,73,1,975491700
44,78,1,975491880
75,11,1,975495300
49,17,1,975507240
17,59,1,975507660
17,59,1,975508080
68,66,1,975538140
141,137,1,975543660
27,27,1,975546180
27,27,1,975546180
139,139,1,975546240
27,27,1,975546300
27,27,1,975546300
114,81,1,975546600
11,75,1,975547140
67,9,1,975550020
49,141,1,975551040
49,19,1,975551040
49,141,1,975551040
49,19,1,975551040
9,67,1,975552000
141,49,1,975554100
73,69,1,975554340
73,69,1,975556140
73,139,1,975556140
73,69,1,975556140
73,139,1,975556140
73,69,1,975556140
73,139,1,975556140
9,57,1,975557520
9,67,1,975557520
9,147,1,975557520
9,50,1,975557520
9,48,1,975557520
9,57,1,975557520
9,67,1,975557520
9,147,1,975557520
9,50,1,975557520
9,48,1,975557520
140,73,1,975558420
140,69,1,975558420
69,73,1,975560100
48,136,1,975560160
48,13,1,975560160
73,69,1,975561900
73,139,1,975561900
73,69,1,975561900
73,139,1,975561900
73,69,1,975561900
73,139,1,975561900
67,147,1,975565260
67,50,1,975565260
67,48,1,975565260
67,9,1,975565260
67,147,1,975565260
67,50,1,975565260
67,48,1,975565260
67,9,1,975565260
73,69,1,975566460
69,73,1,975566700
73,69,1,975566880
69,73,1,975567120
69,73,1,975567120
73,69,1,975567180
69,73,1,975567240
114,81,1,975567960
114,81,1,975567960
48,50,1,975568980
48,9,1,975568980
48,50,1,975568980
48,9,1,975568980
67,48,1,975569880
67,48,1,975569880
67,48,1,975569880
67,48,1,975569880
19,141,1,975571740
19,2,1,975571740
19,70,1,975571740
48,136,1,975574080
48,13,1,975574080
73,69,1,975579000
73,69,1,975579360
73,139,1,975579360
73,73,1,975583860
73,139,1,975583860
73,69,1,975583860
73,139,1,975583860
73,69,1,975583860
11,75,1,975629880
11,75,1,975629880
137,49,1,975630600
137,49,1,975630600
124,108,1,975631620
124,34,1,975631620
124,35,1,975631620
66,29,1,975631620
52,16,1,975634860
32,49,1,975636960
70,2,1,975637320
70,2,1,975637320
2,19,1,975641400
2,70,1,975641400
19,70,1,975642300
124,35,1,975643680
69,73,1,975643860
49,102,1,975645360
32,141,1,975646200
141,49,1,975646260
89,5,1,975649620
89,5,1,975649860
19,141,1,975651720
19,137,1,975651720
19,141,1,975652740
19,137,1,975652740
19,49,1,975652740
19,2,1,975652740
19,141,1,975652740
19,137,1,975652740
19,49,1,975652740
19,2,1,975652740
151,123,1,975653760
151,74,1,975653760
151,68,1,975653760
151,66,1,975653760
151,107,1,975653760
151,127,1,975653760
151,29,1,975653760
151,129,1,975653760
151,54,1,975653760
151,150,1,975653760
151,123,1,975653760
151,74,1,975653760
151,68,1,975653760
151,66,1,975653760
151,107,1,975653760
151,127,1,975653760
151,29,1,975653760
151,129,1,975653760
151,54,1,975653760
151,150,1,975653760
141,49,1,975654780
9,57,1,975656400
9,67,1,975656400
9,147,1,975656400
9,50,1,975656400
9,48,1,975656400
9,57,1,975656400
9,67,1,975656400
9,147,1,975656400
9,50,1,975656400
9,48,1,975656400
139,1,1,975656520
139,73,1,975656520
139,1,1,975656520
139,73,1,975656520
48,136,1,975658380
48,13,1,975658380
67,9,1,975659880
67,9,1,975659880
107,54,1,975660120
107,54,1,975660120
73,69,1,975663060
73,139,1,975663060
73,1,1,975663060
73,69,1,975663060
73,139,1,975663060
73,1,1,975663060
73,69,1,975663060
73,139,1,975663060
73,1,1,975663060
73,69,1,975670500
73,1,1,975671280
1,73,1,975819780
49,102,1,975858420
49,102,1,975858960
49,102,1,975859440
137,19,1,975887820
137,141,1,975887820
137,49,1,975887820
137,141,1,975887820
137,49,1,975887820
137,19,1,975887820
137,141,1,975887820
137,49,1,975887820
137,141,1,975887820
137,49,1,975887820
141,137,1,975888420
141,19,1,975888420
141,49,1,975888420
141,19,1,975888420
141,49,1,975888420
141,137,1,975888420
141,19,1,975888420
141,49,1,975888420
141,19,1,975888420
141,49,1,975888420
67,9,1,975888960
13,48,1,975890460
149,138,1,975891180
149,138,1,975891180
141,137,1,975891960
141,19,1,975891960
141,49,1,975891960
141,137,1,975891960
141,19,1,975891960
141,49,1,975891960
67,9,1,975892440
67,48,1,975893400
9,67,1,975893880
9,67,1,975893880
67,48,1,975894120
67,48,1,975894120
67,48,1,975894120
67,48,1,975894120
73,1,1,975896700
142,76,1,975896700
142,76,1,975896700
100,128,1,975903180
100,128,1,975903180
19,141,1,975903720
19,137,1,975903720
19,49,1,975903720
19,141,1,975903720
19,137,1,975903720
19,49,1,975903720
49,2,1,975904680
149,138,1,975904800
100,128,1,975904800
149,138,1,975904800
73,69,1,975907320
73,69,1,975907320
139,27,1,975907980
2,19,1,975908160
2,70,1,975908160
2,19,1,975908160
2,70,1,975908160
67,9,1,975908160
2,19,1,975908160
2,70,1,975908160
2,19,1,975908160
2,70,1,975908160
19,70,1,975908880
70,2,1,975909060
3,68,1,975911100
125,61,1,975911160
125,61,1,975911160
140,73,1,975913500
140,139,1,975913500
140,139,1,975913500
114,63,1,975913680
114,81,1,975913680
73,69,1,975914460
123,123,1,975914760
114,81,1,975915180
9,48,1,975915780
123,123,1,975916140
123,123,1,975918660
125,125,1,975919560
125,61,1,975919560
125,125,1,975919560
125,61,1,975919560
125,125,1,975919560
125,61,1,975919560
125,125,1,975919560
125,61,1,975919560
133,139,1,975919920
133,139,1,975919920
86,130,1,975920640
86,133,1,975920640
86,130,1,975920640
86,133,1,975920640
73,73,1,975925980
73,73,1,975925980
73,73,1,975925980
73,73,1,975925980
73,69,1,975927420
32,66,1,975940440
32,141,1,975940440
32,19,1,975940440
32,4,1,975940440
32,137,1,975940440
32,29,1,975940440
32,29,1,975940440
16,16,1,975944640
100,128,1,975972600
48,67,1,975976560
48,67,1,975976560
48,136,1,975976680
48,13,1,975976680
9,67,1,975976740
9,147,1,975976740
9,50,1,975976740
9,48,1,975976740
9,67,1,975976740
9,147,1,975976740
9,50,1,975976740
9,48,1,975976740
67,50,1,975981300
139,27,1,975983100
139,27,1,975986520
139,27,1,975986520
78,107,1,975988560
78,54,1,975988560
78,107,1,975988560
78,54,1,975988560
19,70,1,975993060
19,70,1,975993060
19,2,1,975993180
19,70,1,975993180
19,141,1,975993180
125,142,1,975998640
32,66,1,975999420
32,137,1,975999420
48,13,1,976002660
48,50,1,976002660
48,9,1,976002660
48,67,1,976002660
48,50,1,976002660
48,9,1,976002660
48,67,1,976002660
49,19,1,976003680
49,141,1,976003680
49,19,1,976003680
49,141,1,976003680
75,142,1,976003920
13,48,1,976004040
13,67,1,976004040
13,9,1,976004040
13,50,1,976004040
13,67,1,976004040
13,9,1,976004040
13,50,1,976004040
137,49,1,976004100
137,19,1,976004100
137,141,1,976004100
137,19,1,976004100
137,141,1,976004100
137,49,1,976004100
137,19,1,976004100
137,141,1,976004100
137,19,1,976004100
137,141,1,976004100
48,13,1,976004580
48,67,1,976004580
48,9,1,976004580
48,50,1,976004580
48,67,1,976004580
48,9,1,976004580
48,50,1,976004580
49,61,1,976004940
32,66,1,976006200
32,29,1,976006200
32,137,1,976006200
32,68,1,976006200
16,16,1,976007820
137,49,1,976007880
137,49,1,976007880
107,107,1,976010580
107,107,1,976010580
107,107,1,976010580
107,107,1,976010580
16,27,1,976031760
16,27,1,976031760
151,54,1,976062120
151,54,1,976062120
139,73,1,976063920
139,73,1,976063920
139,73,1,976063920
139,73,1,976063920
139,73,1,976063920
139,73,1,976063920
125,61,1,976064220
49,137,1,976065600
49,19,1,976065600
49,19,1,976065600
49,137,1,976065600
49,19,1,976065600
49,19,1,976065600
137,49,1,976066020
137,19,1,976066020
137,19,1,976066020
137,49,1,976066020
137,19,1,976066020
137,19,1,976066020
48,136,1,976066080
48,13,1,976066080
67,9,1,976066260
67,9,1,976066260
67,9,1,976066920
67,9,1,976066920
139,73,1,976066920
139,73,1,976066920
67,147,1,976067400
67,50,1,976067400
67,48,1,976067400
67,9,1,976067400
67,147,1,976067400
67,50,1,976067400
67,48,1,976067400
67,9,1,976067400
75,11,1,976068780
61,125,1,976071240
61,125,1,976071240
61,125,1,976071240
61,125,1,976071240
26,26,1,976071300
26,26,1,976071300
125,61,1,976071480
125,61,1,976071480
49,19,1,976072020
49,141,1,976072020
67,9,1,976072500
114,81,1,976072620
114,81,1,976072620
19,49,1,976072740
19,137,1,976072740
19,18,1,976072740
19,137,1,976072740
19,18,1,976072740
19,49,1,976072740
19,137,1,976072740
19,18,1,976072740
19,137,1,976072740
19,18,1,976072740
32,66,1,976073460
32,141,1,976073460
32,29,1,976073460
32,137,1,976073460
125,142,1,976080960
86,133,1,976081680
86,130,1,976081680
86,115,1,976081680
86,93,1,976081680
142,125,1,976083840
142,125,1,976083840
123,54,1,976084500
123,54,1,976084500
123,54,1,976084500
123,54,1,976084500
123,54,1,976084500
123,54,1,976084500
67,50,1,976084980
67,9,1,976084980
27,16,1,976085820
66,66,1,976086240
66,66,1,976086240
16,27,1,976087200
16,27,1,976087200
125,61,1,976087860
125,125,1,976087860
125,61,1,976087860
125,125,1,976087860
125,61,1,976087860
125,125,1,976087860
125,61,1,976087860
125,125,1,976087860
27,16,1,976087980
76,136,1,976096200
69,69,1,976096260
107,54,1,976096860
107,54,1,976096860
48,27,1,976098780
48,27,1,976098780
18,19,1,976100520
18,49,1,976100520
18,137,1,976100520
18,18,1,976100520
18,49,1,976100520
18,137,1,976100520
18,18,1,976100520
18,19,1,976100520
18,49,1,976100520
18,137,1,976100520
18,18,1,976100520
18,49,1,976100520
18,137,1,976100520
18,18,1,976100520
122,122,1,976101300
32,49,1,976112880
44,58,1,976138440
49,32,1,976154340
1,73,1,976155000
13,48,1,976155660
9,67,1,976155900
9,147,1,976155900
9,50,1,976155900
9,48,1,976155900
9,67,1,976155900
9,147,1,976155900
9,50,1,976155900
9,48,1,976155900
11,75,1,976157580
9,67,1,976158000
9,67,1,976158000
66,66,1,976158120
66,66,1,976158120
73,139,1,976158480
73,139,1,976158480
81,114,1,976158600
81,114,1,976158600
81,114,1,976158600
73,1,1,976162380
73,69,1,976162380
73,69,1,976162380
48,50,1,976166640
49,100,1,976168500
44,54,1,976173120
44,107,1,976173120
73,69,1,976174620
73,139,1,976174620
73,32,1,976174620
49,141,1,976174980
49,32,1,976174980
49,141,1,976174980
49,32,1,976174980
61,125,1,976176300
61,125,1,976176300
107,45,1,976177080
107,78,1,976177080
107,122,1,976177080
52,52,1,976179300
52,52,1,976179300
122,107,1,976185780
66,32,1,976232460
66,32,1,976233900
70,2,1,976234800
70,2,1,976234800
48,107,1,976238160
48,78,1,976238160
32,66,1,976242900
32,29,1,976242900
32,141,1,976242900
32,49,1,976242900
32,137,1,976242900
32,66,1,976242900
32,29,1,976242900
32,141,1,976242900
32,49,1,976242900
32,137,1,976242900
49,70,1,976244100
86,149,1,976244340
149,86,1,976245300
86,149,1,976245840
66,32,1,976247160
73,69,1,976250880
48,67,1,976253280
48,147,1,976253280
48,50,1,976253280
48,9,1,976253280
48,67,1,976253280
48,147,1,976253280
48,50,1,976253280
48,9,1,976253280
49,141,1,976256880
49,2,1,976256880
49,70,1,976256880
49,19,1,976256880
49,141,1,976256880
49,2,1,976256880
49,70,1,976256880
49,19,1,976256880
52,52,1,976258200
52,52,1,976258200
128,56,1,976260240
49,32,1,976260720
141,49,1,976261680
141,2,1,976261680
141,70,1,976261680
141,19,1,976261680
141,49,1,976261680
141,2,1,976261680
141,70,1,976261680
141,19,1,976261680
114,96,1,976262520
114,96,1,976262520
16,27,1,976265340
16,27,1,976265340
75,11,1,976266240
75,11,1,976266240
52,52,1,976426200
52,52,1,976426200
52,52,1,976429500
52,52,1,976429500
52,52,1,976433640
52,52,1,976433640
67,48,1,976493760
67,48,1,976493760
140,73,1,976494420
9,67,1,976495260
9,147,1,976495260
9,50,1,976495260
9,48,1,976495260
9,67,1,976496520
67,50,1,976497720
9,67,1,976498800
9,147,1,976498800
9,50,1,976498800
9,48,1,976498800
9,67,1,976498800
9,147,1,976498800
9,50,1,976498800
9,48,1,976498800
48,67,1,976499040
48,67,1,976499040
73,1,1,976501200
73,69,1,976501200
73,69,1,976501200
139,69,1,976501560
139,73,1,976501560
139,69,1,976501560
139,73,1,976501560
139,140,1,976502640
139,73,1,976502640
139,1,1,976502640
139,140,1,976502640
139,73,1,976502640
139,1,1,976502640
100,100,1,976503360
139,73,1,976504740
139,73,1,976504740
124,108,1,976505040
124,34,1,976505040
124,35,1,976505040
67,9,1,976505160
67,9,1,976505160
124,108,1,976505700
124,34,1,976505700
124,35,1,976505700
75,11,1,976505820
75,11,1,976505820
139,97,1,976506180
139,133,1,976506180
139,130,1,976506180
139,132,1,976506180
139,73,1,976506180
139,97,1,976506180
139,133,1,976506180
139,130,1,976506180
139,132,1,976506180
139,73,1,976506180
139,97,1,976506180
139,133,1,976506180
139,130,1,976506180
139,132,1,976506180
139,73,1,976506180
139,1,1,976506600
139,97,1,976506600
139,132,1,976506600
139,133,1,976506600
139,130,1,976506600
137,68,1,976506900
137,141,1,976506900
137,68,1,976506900
137,141,1,976506900
73,139,1,976507140
73,69,1,976507140
73,139,1,976507140
73,69,1,976507140
73,139,1,976509720
86,133,1,976511760
86,130,1,976511760
86,133,1,976511760
86,130,1,976511760
57,57,1,976511940
100,100,1,976512600
49,100,1,976512660
67,9,1,976513140
139,73,1,976514400
139,73,1,976514400
139,73,1,976514400
139,132,1,976515120
139,97,1,976515120
139,1,1,976515120
139,32,1,976515120
139,130,1,976515120
139,133,1,976515120
73,69,1,976515300
73,69,1,976515300
73,69,1,976515300
73,139,1,976515660
140,73,1,976516200
48,67,1,976518180
67,48,1,976518360
67,48,1,976518360
114,114,1,976519920
114,114,1,976519920
140,73,1,976520580
52,52,1,976520880
52,52,1,976520880
68,3,1,976521120
68,3,1,976521120
114,110,1,976521300
114,110,1,976521300
114,110,1,976521660
114,110,1,976521660
75,11,1,976521840
19,137,1,976522920
19,141,1,976522920
19,141,1,976522920
141,137,1,976524120
86,149,1,976524300
48,67,1,976526700
48,67,1,976526700
48,67,1,976526700
48,67,1,976526700
48,67,1,976526700
48,67,1,976526700
3,68,1,976527600
67,50,1,976527900
67,50,1,976527900
75,11,1,976528620
57,142,1,976528800
48,136,1,976531380
48,13,1,976531380
68,66,1,976577520
68,3,1,976577820
67,9,1,976580460
137,19,1,976580580
137,141,1,976580580
137,19,1,976580580
137,141,1,976580580
49,59,1,976580880
67,9,1,976581120
137,2,1,976581180
137,141,1,976581180
137,141,1,976581180
149,85,1,976582080
9,67,1,976582260
9,67,1,976582260
139,33,1,976582500
139,132,1,976582500
139,97,1,976582500
139,130,1,976582500
139,133,1,976582500
139,73,1,976582500
9,67,1,976583880
9,147,1,976583880
9,50,1,976583880
9,48,1,976583880
33,67,1,976584660
33,50,1,976584660
33,50,1,976584660
59,49,1,976584900
67,9,1,976585020
32,66,1,976585080
32,29,1,976585080
32,141,1,976585080
32,137,1,976585080
32,49,1,976585080
32,66,1,976585080
32,29,1,976585080
32,141,1,976585080
32,137,1,976585080
32,49,1,976585080
139,73,1,976586280
25,26,1,976586460
25,61,1,976586460
25,40,1,976586460
25,17,1,976586460
25,21,1,976586460
25,26,1,976586460
25,61,1,976586460
25,40,1,976586460
25,17,1,976586460
25,21,1,976586460
52,52,1,976586820
52,52,1,976586820
40,42,1,976587420
139,69,1,976587720
139,69,1,976587720
42,40,1,976587840
64,60,1,976588380
52,52,1,976589280
52,52,1,976589280
73,69,1,976589820
69,73,1,976590120
69,73,1,976590180
73,69,1,976590240
142,57,1,976590420
73,49,1,976590660
73,141,1,976590660
73,49,1,976590660
73,141,1,976590660
19,137,1,976590960
19,141,1,976590960
19,32,1,976590960
19,137,1,976590960
19,141,1,976590960
19,32,1,976590960
19,141,1,976592040
19,137,1,976592040
19,32,1,976592040
19,141,1,976592040
19,137,1,976592040
19,32,1,976592040
73,140,1,976592400
69,37,1,976593720
69,37,1,976593720
50,33,1,976593840
57,142,1,976594620
73,69,1,976598220
73,139,1,976598220
73,69,1,976598220
73,139,1,976598220
73,69,1,976598220
73,139,1,976598220
73,69,1,976598220
73,139,1,976598220
107,54,1,976598340
107,122,1,976598340
107,54,1,976598340
107,122,1,976598340
107,54,1,976598340
107,122,1,976598340
107,54,1,976598340
107,122,1,976598340
107,54,1,976598340
107,122,1,976598340
107,54,1,976598340
107,122,1,976598340
22,118,1,976598460
22,118,1,976598460
68,3,1,976598940
68,3,1,976598940
142,57,1,976599300
142,57,1,976599300
142,57,1,976599300
142,57,1,976599300
142,57,1,976599300
142,57,1,976599300
68,3,1,976599840
68,3,1,976599840
69,139,1,976600260
69,139,1,976600260
69,139,1,976600260
68,3,1,976601940
68,20,1,976602180
68,3,1,976602180
68,20,1,976602180
68,3,1,976602180
73,139,1,976603200
73,139,1,976603200
73,69,1,976603200
73,32,1,976603200
151,123,1,976603500
151,74,1,976603500
151,68,1,976603500
151,66,1,976603500
151,107,1,976603500
151,127,1,976603500
151,29,1,976603500
151,129,1,976603500
151,54,1,976603500
151,150,1,976603500
151,123,1,976603500
151,74,1,976603500
151,68,1,976603500
151,66,1,976603500
151,107,1,976603500
151,127,1,976603500
151,29,1,976603500
151,129,1,976603500
151,54,1,976603500
151,150,1,976603500
151,123,1,976603500
151,74,1,976603500
151,68,1,976603500
151,66,1,976603500
151,107,1,976603500
151,127,1,976603500
151,29,1,976603500
151,129,1,976603500
151,54,1,976603500
151,150,1,976603500
151,123,1,976603500
151,74,1,976603500
151,68,1,976603500
151,66,1,976603500
151,107,1,976603500
151,127,1,976603500
151,29,1,976603500
151,129,1,976603500
151,54,1,976603500
151,150,1,976603500
151,123,1,976603560
151,74,1,976603560
151,68,1,976603560
151,66,1,976603560
151,107,1,976603560
151,127,1,976603560
151,29,1,976603560
151,129,1,976603560
151,54,1,976603560
151,150,1,976603560
151,123,1,976603560
151,74,1,976603560
151,68,1,976603560
151,66,1,976603560
151,107,1,976603560
151,127,1,976603560
151,29,1,976603560
151,129,1,976603560
151,54,1,976603560
151,150,1,976603560
151,123,1,976603560
151,74,1,976603560
151,68,1,976603560
151,66,1,976603560
151,107,1,976603560
151,127,1,976603560
151,29,1,976603560
151,129,1,976603560
151,54,1,976603560
151,150,1,976603560
151,123,1,976603620
151,74,1,976603620
151,68,1,976603620
151,66,1,976603620
151,107,1,976603620
151,127,1,976603620
151,29,1,976603620
151,129,1,976603620
151,54,1,976603620
151,150,1,976603620
151,123,1,976603620
151,74,1,976603620
151,68,1,976603620
151,66,1,976603620
151,107,1,976603620
151,127,1,976603620
151,29,1,976603620
151,129,1,976603620
151,54,1,976603620
151,150,1,976603620
151,123,1,976603620
151,74,1,976603620
151,68,1,976603620
151,66,1,976603620
151,107,1,976603620
151,127,1,976603620
151,29,1,976603620
151,129,1,976603620
151,54,1,976603620
151,150,1,976603620
151,123,1,976603620
151,74,1,976603620
151,68,1,976603620
151,66,1,976603620
151,107,1,976603620
151,127,1,976603620
151,29,1,976603620
151,129,1,976603620
151,54,1,976603620
151,150,1,976603620
67,48,1,976604160
67,48,1,976604160
68,29,1,976605540
32,66,1,976606020
32,29,1,976606020
32,137,1,976606020
73,69,1,976606560
73,139,1,976606560
149,138,1,976606920
149,138,1,976606920
73,69,1,976607100
73,139,1,976607100
73,69,1,976607100
73,139,1,976607100
86,149,1,976607100
86,133,1,976607100
48,67,1,976607520
48,67,1,976607520
78,44,1,976610460
73,69,1,976613820
73,139,1,976613820
73,1,1,976613820
75,11,1,976615020
75,11,1,976615020
75,75,1,976615500
75,75,1,976615500
67,48,1,976615980
67,48,1,976615980
67,57,1,976616100
69,73,1,976618080
69,73,1,976618080
69,73,1,976618080
69,73,1,976618080
69,73,1,976618080
69,73,1,976618080
73,69,1,976618800
73,69,1,976619160
73,69,1,976619160
73,69,1,976619160
73,69,1,976619160
68,20,1,976645380
68,3,1,976645380
68,20,1,976645380
68,3,1,976645380
68,3,1,976661520
107,16,1,976666920
107,16,1,976666920
67,50,1,976666980
11,75,1,976668060
11,75,1,976668060
140,140,1,976669620
140,1,1,976669620
140,15,1,976669620
140,130,1,976669620
140,115,1,976669620
140,138,1,976669620
140,139,1,976669620
140,97,1,976669620
140,93,1,976669620
140,87,1,976669620
140,133,1,976669620
140,86,1,976669620
140,85,1,976669620
140,148,1,976669620
140,132,1,976669620
140,149,1,976669620
140,33,1,976669620
140,135,1,976669620
140,140,1,976669620
140,1,1,976669620
140,15,1,976669620
140,130,1,976669620
140,115,1,976669620
140,138,1,976669620
140,139,1,976669620
140,97,1,976669620
140,93,1,976669620
140,87,1,976669620
140,133,1,976669620
140,86,1,976669620
140,85,1,976669620
140,148,1,976669620
140,132,1,976669620
140,149,1,976669620
140,33,1,976669620
140,135,1,976669620
48,136,1,976670580
48,13,1,976670580
67,147,1,976674120
67,50,1,976674120
67,48,1,976674120
67,9,1,976674120
67,57,1,976674120
67,57,1,976674120
67,147,1,976674120
67,50,1,976674120
67,48,1,976674120
67,9,1,976674120
67,57,1,976674120
67,57,1,976674120
67,147,1,976674120
67,50,1,976674120
67,48,1,976674120
67,9,1,976674120
67,57,1,976674120
67,57,1,976674120
67,147,1,976674120
67,50,1,976674120
67,48,1,976674120
67,9,1,976674120
67,57,1,976674120
67,57,1,976674120
67,9,1,976674240
49,100,1,976674420
73,69,1,976674960
73,69,1,976676160
73,69,1,976677420
139,73,1,976677720
139,73,1,976677720
32,66,1,976677780
32,141,1,976677780
32,19,1,976677780
32,141,1,976677780
32,19,1,976677780
32,66,1,976677780
32,141,1,976677780
32,19,1,976677780
32,141,1,976677780
32,19,1,976677780
151,123,1,976677840
151,74,1,976677840
151,68,1,976677840
151,66,1,976677840
151,107,1,976677840
151,127,1,976677840
151,29,1,976677840
151,129,1,976677840
151,54,1,976677840
151,150,1,976677840
151,123,1,976677840
151,74,1,976677840
151,68,1,976677840
151,66,1,976677840
151,107,1,976677840
151,127,1,976677840
151,29,1,976677840
151,129,1,976677840
151,54,1,976677840
151,150,1,976677840
151,123,1,976677840
151,74,1,976677840
151,68,1,976677840
151,66,1,976677840
151,107,1,976677840
151,127,1,976677840
151,29,1,976677840
151,129,1,976677840
151,54,1,976677840
151,150,1,976677840
151,123,1,976677840
151,74,1,976677840
151,68,1,976677840
151,66,1,976677840
151,107,1,976677840
151,127,1,976677840
151,29,1,976677840
151,129,1,976677840
151,54,1,976677840
151,150,1,976677840
151,123,1,976677840
151,74,1,976677840
151,68,1,976677840
151,66,1,976677840
151,107,1,976677840
151,127,1,976677840
151,29,1,976677840
151,129,1,976677840
151,54,1,976677840
151,150,1,976677840
151,123,1,976677840
151,74,1,976677840
151,68,1,976677840
151,66,1,976677840
151,107,1,976677840
151,127,1,976677840
151,29,1,976677840
151,129,1,976677840
151,54,1,976677840
151,150,1,976677840
67,50,1,976680180
67,50,1,976680180
73,139,1,976680240
73,69,1,976680240
73,139,1,976680240
73,69,1,976680240
73,139,1,976680240
73,69,1,976680240
73,139,1,976680240
73,69,1,976680240
73,139,1,976680240
73,69,1,976680240
73,139,1,976680240
73,69,1,976680240
66,32,1,976682040
44,54,1,976682220
44,54,1,976682220
44,54,1,976682220
44,54,1,976682220
32,66,1,976682400
32,141,1,976682400
32,19,1,976682400
32,66,1,976682400
32,141,1,976682400
32,19,1,976682400
32,66,1,976682400
32,141,1,976682400
32,19,1,976682400
73,139,1,976682880
73,1,1,976682880
73,69,1,976682880
73,139,1,976682880
73,1,1,976682880
73,69,1,976682880
73,69,1,976683000
139,1,1,976683840
139,1,1,976683840
69,73,1,976684560
73,69,1,976685460
73,139,1,976685460
73,1,1,976685460
73,69,1,976685460
73,139,1,976685460
73,1,1,976685460
73,69,1,976686960
118,21,1,976689420
48,67,1,976690200
48,67,1,976690200
48,67,1,976690200
48,67,1,976690200
86,115,1,976694940
86,130,1,976694940
86,133,1,976694940
86,93,1,976694940
86,130,1,976694940
86,133,1,976694940
86,93,1,976694940
11,75,1,976695660
86,133,1,976696560
86,130,1,976696560
86,133,1,976696560
86,130,1,976696560
75,11,1,976697100
75,11,1,976697100
68,29,1,976697640
68,29,1,976697640
68,3,1,976698180
68,3,1,976698180
48,107,1,976698780
48,107,1,976698780
48,9,1,976700160
48,9,1,976700160
75,11,1,976701420
151,123,1,976701720
151,74,1,976701720
151,68,1,976701720
151,66,1,976701720
151,107,1,976701720
151,127,1,976701720
151,29,1,976701720
151,129,1,976701720
151,54,1,976701720
151,150,1,976701720
151,123,1,976701720
151,74,1,976701720
151,68,1,976701720
151,66,1,976701720
151,107,1,976701720
151,127,1,976701720
151,29,1,976701720
151,129,1,976701720
151,54,1,976701720
151,150,1,976701720
151,123,1,976701720
151,74,1,976701720
151,68,1,976701720
151,66,1,976701720
151,107,1,976701720
151,127,1,976701720
151,29,1,976701720
151,129,1,976701720
151,54,1,976701720
151,150,1,976701720
151,123,1,976701720
151,74,1,976701720
151,68,1,976701720
151,66,1,976701720
151,107,1,976701720
151,127,1,976701720
151,29,1,976701720
151,129,1,976701720
151,54,1,976701720
151,150,1,976701720
151,123,1,976701720
151,74,1,976701720
151,68,1,976701720
151,66,1,976701720
151,107,1,976701720
151,127,1,976701720
151,29,1,976701720
151,129,1,976701720
151,54,1,976701720
151,150,1,976701720
151,123,1,976701720
151,74,1,976701720
151,68,1,976701720
151,66,1,976701720
151,107,1,976701720
151,127,1,976701720
151,29,1,976701720
151,129,1,976701720
151,54,1,976701720
151,150,1,976701720
151,123,1,976701720
151,74,1,976701720
151,68,1,976701720
151,66,1,976701720
151,107,1,976701720
151,127,1,976701720
151,29,1,976701720
151,129,1,976701720
151,54,1,976701720
151,150,1,976701720
151,123,1,976701720
151,74,1,976701720
151,68,1,976701720
151,66,1,976701720
151,107,1,976701720
151,127,1,976701720
151,29,1,976701720
151,129,1,976701720
151,54,1,976701720
151,150,1,976701720
151,123,1,976701720
151,74,1,976701720
151,68,1,976701720
151,66,1,976701720
151,107,1,976701720
151,127,1,976701720
151,29,1,976701720
151,129,1,976701720
151,54,1,976701720
151,150,1,976701720
151,123,1,976701720
151,74,1,976701720
151,68,1,976701720
151,66,1,976701720
151,107,1,976701720
151,127,1,976701720
151,29,1,976701720
151,129,1,976701720
151,54,1,976701720
151,150,1,976701720
151,123,1,976701720
151,74,1,976701720
151,68,1,976701720
151,66,1,976701720
151,107,1,976701720
151,127,1,976701720
151,29,1,976701720
151,129,1,976701720
151,54,1,976701720
151,150,1,976701720
151,123,1,976701840
151,74,1,976701840
151,68,1,976701840
151,66,1,976701840
151,107,1,976701840
151,127,1,976701840
151,29,1,976701840
151,129,1,976701840
151,54,1,976701840
151,150,1,976701840
151,123,1,976701840
151,74,1,976701840
151,68,1,976701840
151,66,1,976701840
151,107,1,976701840
151,127,1,976701840
151,29,1,976701840
151,129,1,976701840
151,54,1,976701840
151,150,1,976701840
151,123,1,976701840
151,74,1,976701840
151,68,1,976701840
151,66,1,976701840
151,107,1,976701840
151,127,1,976701840
151,29,1,976701840
151,129,1,976701840
151,54,1,976701840
151,150,1,976701840
151,123,1,976701840
151,74,1,976701840
151,68,1,976701840
151,66,1,976701840
151,107,1,976701840
151,127,1,976701840
151,29,1,976701840
151,129,1,976701840
151,54,1,976701840
151,150,1,976701840
151,123,1,976701840
151,74,1,976701840
151,68,1,976701840
151,66,1,976701840
151,107,1,976701840
151,127,1,976701840
151,29,1,976701840
151,129,1,976701840
151,54,1,976701840
151,150,1,976701840
151,123,1,976701840
151,74,1,976701840
151,68,1,976701840
151,66,1,976701840
151,107,1,976701840
151,127,1,976701840
151,29,1,976701840
151,129,1,976701840
151,54,1,976701840
151,150,1,976701840
151,123,1,976701840
151,74,1,976701840
151,68,1,976701840
151,66,1,976701840
151,107,1,976701840
151,127,1,976701840
151,29,1,976701840
151,129,1,976701840
151,54,1,976701840
151,150,1,976701840
151,123,1,976701840
151,74,1,976701840
151,68,1,976701840
151,66,1,976701840
151,107,1,976701840
151,127,1,976701840
151,29,1,976701840
151,129,1,976701840
151,54,1,976701840
151,150,1,976701840
151,123,1,976701840
151,74,1,976701840
151,68,1,976701840
151,66,1,976701840
151,107,1,976701840
151,127,1,976701840
151,29,1,976701840
151,129,1,976701840
151,54,1,976701840
151,150,1,976701840
151,123,1,976701840
151,74,1,976701840
151,68,1,976701840
151,66,1,976701840
151,107,1,976701840
151,127,1,976701840
151,29,1,976701840
151,129,1,976701840
151,54,1,976701840
151,150,1,976701840
151,123,1,976701840
151,74,1,976701840
151,68,1,976701840
151,66,1,976701840
151,107,1,976701840
151,127,1,976701840
151,29,1,976701840
151,129,1,976701840
151,54,1,976701840
151,150,1,976701840
73,73,1,976701900
73,73,1,976701900
73,69,1,976706940
73,139,1,976706940
73,69,1,976706940
73,139,1,976706940
17,25,1,976716240
17,61,1,976716240
75,4,1,976728720
110,111,1,976754820
149,85,1,976755480
48,67,1,976761780
48,147,1,976761780
48,50,1,976761780
48,9,1,976761780
136,142,1,976762200
142,136,1,976763880
73,139,1,976764240
73,69,1,976764240
73,139,1,976764240
73,69,1,976764240
73,139,1,976764300
140,140,1,976764540
140,1,1,976764540
140,15,1,976764540
140,130,1,976764540
140,115,1,976764540
140,138,1,976764540
140,139,1,976764540
140,97,1,976764540
140,93,1,976764540
140,87,1,976764540
140,133,1,976764540
140,86,1,976764540
140,85,1,976764540
140,148,1,976764540
140,132,1,976764540
140,149,1,976764540
140,33,1,976764540
140,135,1,976764540
140,73,1,976764540
140,140,1,976764540
140,1,1,976764540
140,15,1,976764540
140,130,1,976764540
140,115,1,976764540
140,138,1,976764540
140,139,1,976764540
140,97,1,976764540
140,93,1,976764540
140,87,1,976764540
140,133,1,976764540
140,86,1,976764540
140,85,1,976764540
140,148,1,976764540
140,132,1,976764540
140,149,1,976764540
140,33,1,976764540
140,135,1,976764540
140,73,1,976764540
73,69,1,976764660
73,69,1,976764660
52,52,1,976767120
142,76,1,976770540
67,9,1,976772160
67,9,1,976772160
114,63,1,976775640
140,140,1,976775880
140,1,1,976775880
140,15,1,976775880
140,130,1,976775880
140,115,1,976775880
140,138,1,976775880
140,139,1,976775880
140,97,1,976775880
140,93,1,976775880
140,87,1,976775880
140,133,1,976775880
140,86,1,976775880
140,131,1,976775880
140,85,1,976775880
140,148,1,976775880
140,132,1,976775880
140,149,1,976775880
140,33,1,976775880
140,135,1,976775880
140,140,1,976775880
140,1,1,976775880
140,15,1,976775880
140,130,1,976775880
140,115,1,976775880
140,138,1,976775880
140,139,1,976775880
140,97,1,976775880
140,93,1,976775880
140,87,1,976775880
140,133,1,976775880
140,86,1,976775880
140,131,1,976775880
140,85,1,976775880
140,148,1,976775880
140,132,1,976775880
140,149,1,976775880
140,33,1,976775880
140,135,1,976775880
76,142,1,976779060
73,69,1,976779120
73,139,1,976779120
89,47,1,976779540
89,63,1,976779540
89,114,1,976779540
89,81,1,976779540
89,62,1,976779540
137,49,1,976786260
137,141,1,976786260
137,68,1,976786260
137,49,1,976786260
137,141,1,976786260
137,68,1,976786260
137,49,1,976788180
137,19,1,976788180
137,141,1,976788180
137,49,1,976788180
137,19,1,976788180
137,141,1,976788180
73,69,1,976795920
137,68,1,976839360
137,141,1,976839360
137,49,1,976839360
137,68,1,976839360
137,141,1,976839360
137,49,1,976839360
54,44,1,976839900
54,44,1,976839900
137,32,1,976843440
75,11,1,976851780
75,11,1,976851780
69,73,1,976858560
37,89,1,976860540
48,107,1,976861200
48,78,1,976861200
48,107,1,976861380
48,78,1,976861380
75,11,1,976873680
75,11,1,976873680
75,11,1,976873740
75,11,1,976873740
67,9,1,976874160
67,9,1,976874160
48,13,1,976874340
122,107,1,976877700
69,129,1,976936740
69,127,1,976936740
69,107,1,976936740
69,54,1,976936740
69,129,1,976936740
69,127,1,976936740
69,107,1,976936740
69,54,1,976936740
137,137,1,977041800
137,137,1,977041800
85,149,1,977096160
149,85,1,977097360
100,49,1,977100840
11,75,1,977100960
38,142,1,977101200
67,50,1,977101560
52,52,1,977101740
52,52,1,977101740
137,49,1,977101920
75,11,1,977104440
75,11,1,977104440
54,107,1,977104500
137,141,1,977113260
137,29,1,977113260
137,32,1,977113260
137,29,1,977113260
137,32,1,977113260
100,128,1,977116080
73,140,1,977116920
40,61,1,977117100
40,25,1,977117100
73,140,1,977117400
139,1,1,977122560
139,73,1,977122560
139,73,1,977122560
139,1,1,977122560
139,73,1,977122560
139,73,1,977122560
75,11,1,977123820
75,11,1,977123820
44,78,1,977124960
48,107,1,977125740
48,78,1,977125740
139,32,1,977126100
139,73,1,977126100
139,69,1,977126100
139,32,1,977126100
139,73,1,977126100
139,69,1,977126100
139,73,1,977127720
139,1,1,977127720
69,69,1,977129580
73,69,1,977130480
73,69,1,977130480
73,69,1,977138520
137,66,1,977188440
137,29,1,977188440
137,141,1,977188440
137,29,1,977188440
137,141,1,977188440
48,13,1,977188680
137,49,1,977188680
67,50,1,977188740
67,9,1,977188740
67,50,1,977188740
67,9,1,977188740
137,29,1,977189880
122,129,1,977196120
122,54,1,977196120
122,123,1,977196120
122,107,1,977196120
122,107,1,977196120
122,129,1,977196120
122,54,1,977196120
122,123,1,977196120
122,107,1,977196120
122,107,1,977196120
122,128,1,977197680
122,128,1,977197680
73,69,1,977198940
73,32,1,977199780
73,49,1,977199780
73,69,1,977199780
73,139,1,977199780
61,25,1,977203620
48,48,1,977204640
48,48,1,977204640
75,11,1,977208420
75,11,1,977208420
137,2,1,977211300
137,141,1,977211300
137,141,1,977211300
75,11,1,977212380
75,11,1,977212380
48,13,1,977217420
76,142,1,977217540
11,75,1,977217600
142,38,1,977218140
67,147,1,977218800
67,50,1,977218800
67,48,1,977218800
67,9,1,977218800
75,142,1,977221020
75,142,1,977221020
75,11,1,977222460
69,73,1,977223660
69,73,1,977224140
73,140,1,977225040
114,63,1,977268240
38,142,1,977268960
61,61,1,977271240
149,86,1,977271240
67,50,1,977272560
67,9,1,977272560
11,75,1,977274540
11,75,1,977275620
137,66,1,977278260
137,29,1,977278260
137,141,1,977278260
137,29,1,977278260
137,141,1,977278260
73,69,1,977282580
48,67,1,977283660
48,67,1,977283660
61,61,1,977284140
61,61,1,977284140
73,69,1,977286660
73,139,1,977286660
73,1,1,977286660
73,140,1,977286840
73,139,1,977286840
73,69,1,977286840
73,139,1,977286840
73,69,1,977286840
67,50,1,977290680
57,142,1,977291400
67,50,1,977291640
67,9,1,977291640
2,70,1,977292180
2,70,1,977292300
67,50,1,977293560
75,11,1,977293980
73,69,1,977295540
73,1,1,977295540
73,139,1,977295540
73,69,1,977295840
125,61,1,977297340
61,125,1,977298060
70,2,1,977298360
70,2,1,977298360
61,90,1,977300340
48,13,1,977302740
38,142,1,977303520
73,69,1,977303580
73,1,1,977303580
73,139,1,977303580
48,13,1,977304060
67,50,1,977308560
67,9,1,977308560
73,69,1,977314560
73,139,1,977314560
73,140,1,977314560
73,140,1,977314560
69,73,1,977358240
69,73,1,977358240
48,50,1,977363640
48,9,1,977363640
48,67,1,977364060
48,9,1,977364060
48,67,1,977364060
48,9,1,977364060
73,140,1,977365200
73,69,1,977365560
73,69,1,977365560
125,61,1,977365560
125,61,1,977365560
81,114,1,977368800
81,114,1,977368860
73,140,1,977374680
73,139,1,977374680
73,69,1,977374680
73,140,1,977374680
73,139,1,977374680
73,69,1,977374680
2,70,1,977376540
76,75,1,977378100
76,75,1,977378100
86,149,1,977388300
86,149,1,977388300
67,50,1,977392320
67,9,1,977392320
149,1,1,977392440
149,132,1,977392440
149,97,1,977392440
149,130,1,977392440
149,133,1,977392440
149,93,1,977392440
149,1,1,977392440
149,132,1,977392440
149,97,1,977392440
149,130,1,977392440
149,133,1,977392440
149,93,1,977392440
149,93,1,977393400
73,69,1,977397240
137,2,1,977450580
67,9,1,977451360
81,114,1,977456220
114,81,1,977458140
114,81,1,977458140
86,130,1,977459160
73,69,1,977464020
137,49,1,977464200
137,141,1,977464200
137,141,1,977464200
142,75,1,977467260
142,75,1,977467260
114,63,1,977797080
73,140,1,977800260
73,139,1,977800260
73,69,1,977800260
73,140,1,977800260
73,139,1,977800260
73,69,1,977800260
73,140,1,977800260
73,139,1,977800260
73,69,1,977800260
73,32,1,977800860
73,141,1,977800860
73,49,1,977800860
73,69,1,977800860
81,114,1,977801340
81,114,1,977801340
73,73,1,977814900
73,140,1,977814900
73,139,1,977814900
73,69,1,977814900
73,140,1,977828700
73,139,1,977828700
73,69,1,977828700
73,140,1,977828700
73,139,1,977828700
73,69,1,977828700
73,140,1,977828700
73,139,1,977828700
73,69,1,977828700
73,140,1,977828700
73,139,1,977828700
73,69,1,977828700
73,140,1,977828700
73,139,1,977828700
73,69,1,977828700
73,140,1,977828700
73,139,1,977828700
73,69,1,977828700
44,91,1,977830500
44,91,1,977830500
69,73,1,977838240
17,40,1,977875800
17,26,1,977875800
17,37,1,977875800
17,146,1,977875800
11,75,1,977876400
67,48,1,977879280
67,48,1,977879280
137,141,1,977886600
137,49,1,977886600
137,32,1,977886600
137,49,1,977886600
137,32,1,977886600
114,42,1,977888580
114,114,1,977888580
48,13,1,977891160
48,13,1,977891340
124,34,1,977896200
81,114,1,977897640
81,114,1,977899380
44,91,1,977900160
100,128,1,977901180
100,128,1,977901180
137,18,1,977905260
137,18,1,977905260
124,108,1,977908380
124,34,1,977908380
124,35,1,977908380
48,13,1,977909400
73,69,1,977921820
73,1,1,977921820
73,69,1,977921820
73,69,1,977921820
73,73,1,977922060
67,147,1,977963460
67,50,1,977963460
67,48,1,977963460
67,9,1,977963460
137,141,1,977965440
137,2,1,977965440
67,9,1,977967360
67,9,1,977967360
27,27,1,977980740
27,27,1,977980740
48,13,1,977994240
75,76,1,977995800
67,48,1,977998260
67,9,1,977998260
67,48,1,977998260
67,9,1,977998260
67,9,1,977998860
73,73,1,978006960
73,69,1,978006960
73,1,1,978006960
73,1,1,978006960
73,69,1,978006960
73,1,1,978006960
73,1,1,978006960
73,73,1,978006960
73,69,1,978006960
73,1,1,978006960
73,1,1,978006960
73,69,1,978006960
73,1,1,978006960
73,1,1,978006960
17,37,1,978010920
17,146,1,978010920
17,40,1,978010920
17,59,1,978010920
17,26,1,978010920
17,21,1,978010920
73,69,1,978063060
73,1,1,978063060
73,1,1,978063060
73,1,1,978063060
73,73,1,978063060
73,69,1,978063060
73,139,1,978063060
111,100,1,978065940
75,11,1,978077400
75,11,1,978077400
137,18,1,978105480
73,73,1,978152700
73,69,1,978152700
73,1,1,978152700
73,69,1,978152700
73,1,1,978152700
73,73,1,978152700
73,69,1,978152700
73,1,1,978152700
73,69,1,978152700
73,1,1,978152700
44,104,1,978339300
44,104,1,978341460
17,59,1,978350580
137,18,1,978351480
137,18,1,978351480
137,18,1,978351900
137,18,1,978351900
137,18,1,978351900
52,52,1,978395400
52,52,1,978395400
11,75,1,978396120
48,13,1,978397080
67,9,1,978398220
48,107,1,978398340
48,78,1,978398340
70,141,1,978398820
70,2,1,978398820
70,70,1,978398820
70,70,1,978398820
69,73,1,978400320
122,107,1,978400500
73,139,1,978403020
73,69,1,978403020
73,139,1,978403020
73,69,1,978403020
69,73,1,978404340
67,9,1,978404400
67,50,1,978404400
67,9,1,978404400
67,50,1,978404400
69,151,1,978405000
67,9,1,978407820
67,9,1,978407820
86,133,1,978415560
86,130,1,978415560
86,149,1,978415560
86,133,1,978415560
86,130,1,978415560
86,149,1,978415560
67,9,1,978419880
67,9,1,978419880
48,13,1,978425940
48,67,1,978427140
48,67,1,978427140
73,73,1,978427680
73,69,1,978427680
73,1,1,978427680
73,69,1,978427680
73,1,1,978427680
73,73,1,978427680
73,69,1,978427680
73,1,1,978427680
73,69,1,978427680
73,1,1,978427680
73,73,1,978427680
73,69,1,978427680
73,1,1,978427680
73,69,1,978427680
73,1,1,978427680
67,9,1,978430140
67,48,1,978430140
67,48,1,978430140
44,54,1,978480840
125,61,1,978481740
54,44,1,978482400
48,147,1,978486360
111,42,1,978490440
111,21,1,978490440
111,62,1,978490440
111,84,1,978490440
111,96,1,978490440
111,84,1,978490440
111,96,1,978490440
73,73,1,978491580
73,69,1,978491580
73,1,1,978491580
73,69,1,978491580
73,1,1,978491580
61,125,1,978492060
125,61,1,978493260
9,57,1,978494040
9,57,1,978494040
73,73,1,978495240
73,69,1,978495240
73,1,1,978495240
73,69,1,978495240
73,1,1,978495240
73,69,1,978495540
73,73,1,978495900
73,69,1,978495900
73,1,1,978495900
73,69,1,978495900
73,1,1,978495900
61,125,1,978497280
73,73,1,978498780
73,69,1,978498780
73,1,1,978498780
73,69,1,978498780
73,1,1,978498780
73,73,1,978499200
73,69,1,978499200
73,1,1,978499200
73,69,1,978499200
73,1,1,978499200
37,90,1,978500100
67,9,1,978501240
67,9,1,978501240
90,37,1,978503100
73,69,1,978504780
73,69,1,978504780
69,73,1,978507480
125,61,1,978509160
125,61,1,978509160
125,61,1,978509280
125,61,1,978509280
44,111,1,978509400
44,91,1,978509520
61,125,1,978510060
125,61,1,978510540
125,61,1,978510840
125,61,1,978510840
125,61,1,978511740
149,1,1,978514920
149,132,1,978514920
149,97,1,978514920
149,130,1,978514920
149,133,1,978514920
149,93,1,978514920
73,73,1,978519420
73,69,1,978519420
73,1,1,978519420
73,69,1,978519420
73,1,1,978519420
73,69,1,978519840
73,69,1,978521340
73,69,1,978521340
73,73,1,978523680
73,69,1,978523680
73,1,1,978523680
73,69,1,978523680
73,1,1,978523680
73,73,1,978523680
73,69,1,978523680
73,1,1,978523680
73,69,1,978523680
73,1,1,978523680
73,73,1,978523680
73,69,1,978523680
73,1,1,978523680
73,69,1,978523680
73,1,1,978523680
73,69,1,978523920
52,52,1,978571020
52,52,1,978571020
48,13,1,978573540
61,125,1,978575040
73,69,1,978577320
48,67,1,978585240
48,147,1,978585240
48,50,1,978585240
48,9,1,978585240
48,67,1,978589680
48,147,1,978589680
48,50,1,978589680
48,9,1,978589680
48,50,1,978590880
48,9,1,978590880
73,73,1,978591480
73,69,1,978591480
73,1,1,978591480
73,69,1,978591480
73,1,1,978591480
49,141,1,978591840
49,2,1,978591840
49,70,1,978591840
32,141,1,978594780
32,73,1,978594780
32,66,1,978594780
32,66,1,978594780
32,141,1,978594780
32,73,1,978594780
32,66,1,978594780
32,66,1,978594780
32,141,1,978594780
32,73,1,978594780
32,66,1,978594780
32,66,1,978594780
69,73,1,978595680
67,9,1,978600600
67,9,1,978600600
48,13,1,978601680
2,70,1,978602520
2,70,1,978602520
149,1,1,978604560
149,132,1,978604560
149,97,1,978604560
149,130,1,978604560
149,133,1,978604560
149,93,1,978604560
149,1,1,978605100
149,132,1,978605100
149,97,1,978605100
149,130,1,978605100
149,133,1,978605100
149,93,1,978605100
73,69,1,978609660
9,67,1,978653640
9,147,1,978653640
9,50,1,978653640
9,48,1,978653640
86,115,1,978655260
86,115,1,978655980
67,50,1,978656160
67,50,1,978656160
125,61,1,978658080
67,9,1,978659280
67,9,1,978659340
49,70,1,978663420
76,76,1,978664620
49,70,1,978676020
48,13,1,978677460
48,13,1,978677520
49,70,1,978679620
137,49,1,978684780
76,142,1,978688860
107,78,1,978839040
107,78,1,978839040
73,69,1,978842880
73,69,1,978842880
73,69,1,978842880
73,69,1,978842880
73,69,1,978881400
67,48,1,978924960
40,17,1,978927660
40,61,1,978927660
52,27,1,978929400
52,27,1,978929400
89,5,1,978931800
89,5,1,978932340
32,69,1,978935940
32,73,1,978935940
32,69,1,978935940
32,73,1,978935940
32,69,1,978935940
32,73,1,978935940
114,81,1,978936240
114,81,1,978936240
33,142,1,978937260
61,125,1,978940620
61,25,1,978940620
61,49,1,978940620
61,40,1,978940620
142,33,1,978940860
142,33,1,978940860
48,9,1,978943800
48,9,1,978943800
33,142,1,978943980
67,147,1,978949140
67,147,1,978949140
67,50,1,978949860
73,69,1,978964200
73,139,1,978964200
73,69,1,978976140
73,69,1,978976140
73,69,1,978976140
57,142,1,978993960
57,76,1,978993960
114,81,1,978995940
114,110,1,978996180
57,142,1,978998580
57,76,1,978998580
142,33,1,979001880
142,33,1,979001880
48,107,1,979002900
48,78,1,979002900
142,33,1,979004520
142,33,1,979004520
142,33,1,979007640
142,40,1,979007640
142,33,1,979007640
142,40,1,979007640
57,57,1,979023720
67,9,1,979024080
17,61,1,979025160
17,61,1,979025160
48,13,1,979030680
73,69,1,979050600
73,69,1,979050600
73,69,1,979050960
73,69,1,979051080
73,69,1,979051080
73,73,1,979052160
73,73,1,979052160
44,104,1,979083720
57,76,1,979090320
57,142,1,979090320
57,142,1,979090320
139,135,1,979095480
125,61,1,979096200
96,44,1,979099440
96,44,1,979099440
37,38,1,979101000
48,13,1,979103880
76,57,1,979109400
44,78,1,979109460
76,142,1,979111200
142,76,1,979111740
142,76,1,979111800
48,13,1,979117380
76,142,1,979119300
122,107,1,979121280
40,61,1,979178580
73,139,1,979178700
73,139,1,979178700
73,69,1,979179120
73,69,1,979179120
73,69,1,979182240
73,69,1,979182240
73,69,1,979182660
73,1,1,979182660
17,21,1,979186020
125,61,1,979191300
67,147,1,979192500
57,76,1,979195500
57,142,1,979195500
114,110,1,979195620
61,125,1,979196160
44,91,1,979196280
49,70,1,979196280
49,141,1,979196280
49,32,1,979196280
49,70,1,979196280
49,141,1,979196280
49,32,1,979196280
137,49,1,979196340
137,70,1,979196340
137,141,1,979196340
137,32,1,979196340
137,49,1,979196340
137,70,1,979196340
137,141,1,979196340
137,32,1,979196340
136,142,1,979199340
2,19,1,979199760
2,70,1,979199760
2,19,1,979199760
2,70,1,979199760
67,147,1,979201200
52,52,1,979201440
52,52,1,979201440
142,136,1,979204680
67,50,1,979206540
67,50,1,979206540
73,69,1,979214220
73,1,1,979214220
73,69,1,979214220
73,1,1,979214220
73,69,1,979214220
73,1,1,979214220
73,69,1,979214220
73,1,1,979214220
44,44,1,979226640
57,142,1,979257180
57,76,1,979257180
52,52,1,979266600
52,52,1,979266600
67,57,1,979269480
76,142,1,979272900
76,142,1,979272900
76,142,1,979279680
76,142,1,979280700
76,142,1,979280700
149,138,1,979280940
149,138,1,979280940
149,138,1,979282020
149,138,1,979282020
123,123,1,979284600
142,136,1,979286520
67,50,1,979291740
76,142,1,979293600
73,69,1,979299600
73,1,1,979299600
73,69,1,979299600
73,1,1,979299600
73,69,1,979299660
73,1,1,979299660
73,69,1,979299660
73,1,1,979299660
73,69,1,979299900
73,1,1,979299900
73,69,1,979299900
73,1,1,979299900
73,69,1,979299900
73,1,1,979299900
122,107,1,979310040
85,138,1,979340160
52,27,1,979431180
69,73,1,979453020
69,73,1,979453020
137,49,1,979523340
137,2,1,979523340
137,68,1,979523340
137,141,1,979523340
137,68,1,979523340
137,141,1,979523340
17,38,1,979538280
145,100,1,979597320
145,49,1,979597320
145,100,1,979597320
145,49,1,979597320
124,108,1,979605120
124,34,1,979605120
124,35,1,979605120
48,13,1,979607640
37,59,1,979610700
100,91,1,979612440
89,5,1,979620600
142,136,1,979625940
61,49,1,979628820
61,40,1,979628820
61,25,1,979628820
61,17,1,979639740
73,69,1,979659000
73,1,1,979659000
73,69,1,979659660
73,139,1,979659660
73,69,1,979659660
73,139,1,979659660
73,69,1,979659660
73,139,1,979659660
85,138,1,979686540
27,27,1,979692900
27,27,1,979692900
52,52,1,979694820
52,52,1,979694820
139,74,1,979700880
139,123,1,979700880
139,32,1,979700880
139,73,1,979700880
139,1,1,979700880
139,139,1,979700880
139,54,1,979700880
139,69,1,979700880
139,74,1,979700880
139,123,1,979700880
139,32,1,979700880
139,73,1,979700880
139,1,1,979700880
139,139,1,979700880
139,54,1,979700880
139,69,1,979700880
139,74,1,979700880
139,123,1,979700880
139,32,1,979700880
139,73,1,979700880
139,1,1,979700880
139,139,1,979700880
139,54,1,979700880
139,69,1,979700880
139,74,1,979700880
139,123,1,979700880
139,32,1,979700880
139,73,1,979700880
139,1,1,979700880
139,139,1,979700880
139,54,1,979700880
139,69,1,979700880
48,13,1,979704900
58,142,1,979709460
58,142,1,979709460
48,13,1,979709520
137,49,1,979715820
67,57,1,979727040
67,57,1,979727040
44,150,1,979729320
137,49,1,979739340
137,141,1,979739340
137,141,1,979739340
86,115,1,979776960
86,115,1,979776960
48,13,1,979784340
67,50,1,979785480
61,125,1,979788000
61,125,1,979788000
125,61,1,979788120
125,61,1,979788120
73,69,1,979790520
73,69,1,979790520
48,13,1,979792920
48,13,1,979792920
149,138,1,979793640
149,138,1,979793640
32,73,1,979794960
142,33,1,979801320
142,33,1,979801320
102,44,1,979805640
102,44,1,979805640
48,9,1,979805940
48,9,1,979805940
137,32,1,979811880
137,141,1,979811880
137,141,1,979811880
48,107,1,979814400
48,107,1,979814400
48,9,1,979867200
48,67,1,979868520
73,69,1,979868700
73,32,1,979870200
137,32,1,979877640
137,29,1,979877640
137,4,1,979877640
137,49,1,979877640
137,29,1,979877640
137,4,1,979877640
137,49,1,979877640
137,49,1,979881240
142,40,1,979884000
142,40,1,979884000
70,141,1,979884660
70,2,1,979884660
70,19,1,979884660
70,141,1,979884660
70,2,1,979884660
70,19,1,979884660
61,17,1,979886400
67,48,1,979889040
48,13,1,979890600
137,68,1,979891740
137,68,1,979891740
49,70,1,979892040
137,68,1,979896900
137,68,1,979896900
87,86,1,979912020
87,133,1,979912020
87,86,1,979912020
87,133,1,979912020
73,69,1,980002440
73,69,1,980002440
73,69,1,980002440
73,69,1,980002860
73,1,1,980002860
73,69,1,980002860
73,1,1,980002860
73,69,1,980002980
73,1,1,980002980
73,69,1,980002980
73,1,1,980002980
73,69,1,980043780
73,1,1,980043780
73,69,1,980043780
73,1,1,980043780
73,32,1,980043960
73,49,1,980043960
73,69,1,980044200
73,1,1,980044200
73,69,1,980044200
73,1,1,980044200
73,69,1,980044200
73,1,1,980044200
73,69,1,980044920
73,1,1,980044920
73,69,1,980044920
73,1,1,980044920
73,69,1,980044920
73,1,1,980044920
145,100,1,980115060
145,49,1,980115060
96,62,1,980124300
96,47,1,980124300
96,17,1,980124300
96,58,1,980124300
96,44,1,980124300
96,62,1,980124300
96,47,1,980124300
96,17,1,980124300
96,58,1,980124300
96,44,1,980124300
100,128,1,980129880
48,67,1,980130060
48,67,1,980130060
67,48,1,980130900
107,122,1,980135520
107,122,1,980135520
107,122,1,980136120
142,33,1,980136180
142,38,1,980136180
142,33,1,980136180
142,38,1,980136180
107,78,1,980137020
107,45,1,980137020
107,122,1,980137020
137,49,1,980139120
137,2,1,980139120
137,141,1,980139120
137,2,1,980139120
137,141,1,980139120
122,107,1,980139840
17,61,1,980140080
17,11,1,980140260
142,33,1,980141280
142,33,1,980141280
122,107,1,980143140
122,107,1,980143140
73,69,1,980143740
73,1,1,980143740
136,142,1,980147040
137,11,1,980149740
73,73,1,980153400
73,69,1,980153880
73,69,1,980154060
69,73,1,980155740
150,122,1,980156580
96,111,1,980160900
44,54,1,980170620
44,62,1,980170620
70,141,1,980207820
70,2,1,980207820
70,2,1,980207820
70,141,1,980207820
70,2,1,980207820
70,2,1,980207820
48,13,1,980212860
73,69,1,980218080
73,1,1,980218080
73,69,1,980218620
73,1,1,980218620
73,69,1,980218680
73,1,1,980218680
86,139,1,980218980
86,139,1,980218980
73,69,1,980220960
73,1,1,980220960
73,69,1,980220960
73,1,1,980220960
73,69,1,980220960
73,1,1,980220960
122,150,1,980221500
73,69,1,980229840
123,54,1,980229840
123,54,1,980229840
67,50,1,980231640
48,147,1,980233560
73,69,1,980235660
73,69,1,980235660
67,48,1,980236080
67,9,1,980236500
73,49,1,980236560
49,73,1,980238000
73,49,1,980238180
67,9,1,980238360
67,50,1,980238360
67,9,1,980238360
67,50,1,980238360
49,73,1,980238480
73,69,1,980240220
73,1,1,980240220
48,67,1,980240400
48,147,1,980240400
48,50,1,980240400
48,9,1,980240400
67,48,1,980243100
73,69,1,980244120
67,9,1,980244600
67,9,1,980244600
67,9,1,980244660
73,69,1,980247420
73,1,1,980247420
70,141,1,980251020
70,2,1,980251020
70,2,1,980251020
17,61,1,980257500
17,59,1,980258580
17,37,1,980259180
17,40,1,980259180
17,59,1,980259180
44,104,1,980291580
142,76,1,980297340
142,76,1,980297340
48,67,1,980298360
48,13,1,980298480
44,91,1,980300880
73,69,1,980303940
73,1,1,980303940
2,70,1,980305320
67,48,1,980305560
67,48,1,980305560
73,69,1,980307120
73,1,1,980307120
73,69,1,980307120
73,1,1,980307120
48,9,1,980309100
48,9,1,980309520
49,100,1,980313000
73,69,1,980315940
73,69,1,980315940
73,69,1,980315940
67,147,1,980316180
70,2,1,980317020
70,2,1,980317020
70,2,1,980317020
70,2,1,980317020
40,71,1,980317500
73,69,1,980321220
48,147,1,980321520
48,67,1,980321520
48,67,1,980321520
73,69,1,980321940
48,67,1,980324220
48,147,1,980324220
48,50,1,980324220
48,9,1,980324220
48,67,1,980324220
48,147,1,980324220
48,50,1,980324220
48,9,1,980324220
48,57,1,980328840
48,67,1,980328840
48,67,1,980328840
67,48,1,980329020
44,54,1,980329740
44,78,1,980329860
44,78,1,980330040
67,147,1,980332500
2,70,1,980348520
70,2,1,980360220
70,2,1,980360220
100,111,1,980379300
137,141,1,980380080
137,49,1,980380080
137,2,1,980380080
137,49,1,980380080
137,2,1,980380080
125,61,1,980380740
137,29,1,980380800
137,49,1,980382300
137,49,1,980382360
137,2,1,980382360
137,141,1,980382360
137,2,1,980382360
137,141,1,980382360
48,50,1,980385780
48,9,1,980385780
52,52,1,980386020
52,52,1,980386020
73,69,1,980386920
73,1,1,980386920
48,13,1,980387040
73,69,1,980387340
73,1,1,980387340
61,25,1,980392620
73,69,1,980392740
73,1,1,980392740
61,26,1,980392860
137,68,1,980394660
137,68,1,980394660
59,17,1,980396100
59,21,1,980396100
59,26,1,980396100
59,146,1,980396100
59,37,1,980396100
59,71,1,980396100
59,40,1,980396100
59,61,1,980396100
59,25,1,980396100
59,91,1,980396100
59,49,1,980396100
59,100,1,980396100
59,125,1,980396100
59,56,1,980396100
59,128,1,980396100
59,145,1,980396100
73,69,1,980398080
73,1,1,980398080
73,69,1,980398080
73,1,1,980398080
86,139,1,980400780
67,50,1,980406900
67,50,1,980407620
73,69,1,980408400
73,1,1,980408400
73,69,1,980409420
73,1,1,980409420
122,122,1,980415180
122,122,1,980415180
67,147,1,980416320
67,48,1,980416320
67,50,1,980416320
67,9,1,980416320
86,139,1,980463360
86,139,1,980463360
107,122,1,980469660
48,13,1,980471400
49,73,1,980471640
73,73,1,980473680
73,73,1,980473680
125,61,1,980475120
73,73,1,980477460
73,73,1,980477460
137,32,1,980477580
70,141,1,980478900
70,2,1,980478900
70,19,1,980478900
70,141,1,980478900
70,2,1,980478900
70,19,1,980478900
137,49,1,980479080
137,49,1,980479080
73,69,1,980479260
73,1,1,980479260
73,69,1,980479260
73,1,1,980479260
73,69,1,980479260
73,1,1,980479260
73,69,1,980482920
73,69,1,980482920
73,69,1,980482920
73,69,1,980484300
73,139,1,980484300
73,69,1,980484480
73,69,1,980484480
86,149,1,980485440
48,67,1,980487180
149,86,1,980488620
52,52,1,980489460
52,52,1,980489460
52,52,1,980489460
52,52,1,980489460
48,57,1,980490180
48,57,1,980490180
48,57,1,980490180
48,57,1,980490180
49,73,1,980491920
140,1,1,980492700
140,123,1,980492700
140,73,1,980492700
140,17,1,980492700
140,139,1,980492700
140,21,1,980492700
140,69,1,980492700
140,140,1,980492700
140,140,1,980492700
140,1,1,980492700
140,123,1,980492700
140,73,1,980492700
140,17,1,980492700
140,139,1,980492700
140,21,1,980492700
140,69,1,980492700
140,140,1,980492700
140,140,1,980492700
140,1,1,980492700
140,123,1,980492700
140,73,1,980492700
140,17,1,980492700
140,139,1,980492700
140,21,1,980492700
140,69,1,980492700
140,140,1,980492700
140,140,1,980492700
48,13,1,980494020
9,67,1,980498760
9,147,1,980498760
9,50,1,980498760
9,48,1,980498760
48,13,1,980498880
48,13,1,980500020
73,69,1,980501100
73,1,1,980501100
73,69,1,980507940
73,139,1,980507940
73,69,1,980507940
73,139,1,980507940
73,69,1,980507940
73,139,1,980507940
73,69,1,980508960
73,1,1,980508960
70,141,1,980522100
70,2,1,980522100
70,19,1,980522100
73,73,1,980652360
73,73,1,980652360
137,49,1,980674140
73,69,1,980686860
73,69,1,980687160
73,1,1,980687160
67,147,1,980729100
11,75,1,980733900
11,75,1,980733900
48,136,1,980734200
48,136,1,980734200
48,136,1,980734200
48,136,1,980734200
86,97,1,980736540
86,130,1,980736540
86,133,1,980736540
86,115,1,980736540
147,50,1,980737860
54,44,1,980742600
73,69,1,980743020
147,50,1,980743560
147,50,1,980743560
147,50,1,980745540
147,50,1,980745540
137,49,1,980745840
137,141,1,980745840
137,2,1,980745840
137,141,1,980745840
137,2,1,980745840
44,54,1,980755560
70,2,1,980757540
70,2,1,980757540
70,2,1,980757540
70,2,1,980757540
73,69,1,980759640
73,73,1,980760420
73,73,1,980760420
75,48,1,980762940
67,57,1,980764260
17,59,1,980779860
17,59,1,980779860
17,49,1,980779860
17,21,1,980809800
17,37,1,980809800
17,26,1,980809800
142,76,1,980810580
142,76,1,980810580
123,74,1,980812620
123,74,1,980812620
139,1,1,980815320
139,123,1,980815320
139,73,1,980815320
139,17,1,980815320
139,139,1,980815320
139,21,1,980815320
139,69,1,980815320
139,140,1,980815320
139,140,1,980815320
139,1,1,980815320
139,123,1,980815320
139,73,1,980815320
139,17,1,980815320
139,139,1,980815320
139,21,1,980815320
139,69,1,980815320
139,140,1,980815320
139,140,1,980815320
139,1,1,980815320
139,123,1,980815320
139,73,1,980815320
139,17,1,980815320
139,139,1,980815320
139,21,1,980815320
139,69,1,980815320
139,140,1,980815320
139,140,1,980815320
67,50,1,980817600
123,122,1,980823660
123,122,1,980823660
123,122,1,980823660
123,122,1,980823660
67,48,1,980825400
67,48,1,980825400
114,81,1,980830740
114,81,1,980830740
61,125,1,980831040
61,125,1,980831040
125,61,1,980831340
125,61,1,980831340
61,125,1,980831820
61,125,1,980831820
114,81,1,980832180
114,81,1,980832180
125,61,1,980834640
125,61,1,980834640
137,141,1,980835540
137,2,1,980835540
137,49,1,980835540
137,32,1,980835540
137,32,1,980835540
73,69,1,980836980
73,1,1,980836980
73,69,1,980836980
73,1,1,980836980
142,57,1,980837100
142,57,1,980837100
149,135,1,980837940
149,135,1,980838660
149,138,1,980839020
142,76,1,980839260
123,122,1,980841480
123,122,1,980841480
123,122,1,980841480
123,122,1,980841480
149,138,1,980842500
48,13,1,980842680
13,27,1,980844540
67,9,1,980844600
137,49,1,980848860
137,141,1,980848860
137,68,1,980848860
137,3,1,980848860
137,141,1,980848860
137,68,1,980848860
137,3,1,980848860
123,74,1,980855820
123,74,1,980855820
123,122,1,980866860
123,122,1,980866860
53,36,1,980868025
123,122,1,980884680
123,122,1,980884680
100,44,1,980898360
73,69,1,980899140
73,1,1,980899140
73,69,1,980899140
73,1,1,980899140
44,100,1,980900640
70,28,1,980900760
70,28,1,980900760
70,28,1,980900760
70,28,1,980900760
100,44,1,980900940
44,100,1,980901840
100,44,1,980902560
48,67,1,980902920
48,147,1,980902920
48,50,1,980902920
48,9,1,980902920
39,39,1,980905020
48,13,1,980905800
44,100,1,980909880
100,44,1,980910360
39,39,1,980910420
39,39,1,980910420
61,61,1,980913180
61,61,1,980913180
48,44,1,980917920
48,91,1,980917920
149,1,1,980917920
149,132,1,980917920
149,97,1,980917920
149,130,1,980917920
149,133,1,980917920
149,93,1,980917920
114,114,1,980918280
114,114,1,980918280
114,63,1,980919600
67,50,1,980920380
100,49,1,980924040
100,49,1,980924040
100,91,1,980924760
73,69,1,980929380
73,1,1,980929380
73,69,1,980929440
73,1,1,980929440
73,69,1,980929500
73,1,1,980929500
73,69,1,980929500
73,1,1,980929500
57,57,1,980930760
48,67,1,980931000
48,147,1,980931000
48,50,1,980931000
48,9,1,980931000
53,38,1,980938734
70,28,1,980943960
70,28,1,980943960
137,32,1,980952600
137,32,1,980952600
39,39,1,980953620
