9,57,1,980986620
9,67,1,980986620
9,147,1,980986620
9,50,1,980986620
9,48,1,980986620
9,67,1,980987760
9,147,1,980987760
9,50,1,980987760
9,48,1,980987760
137,32,1,980988420
137,49,1,980988420
137,32,1,980988420
137,49,1,980988420
139,1,1,980989380
139,123,1,980989380
139,73,1,980989380
139,17,1,980989380
139,139,1,980989380
139,21,1,980989380
139,69,1,980989380
139,140,1,980989380
139,140,1,980989380
139,1,1,980989380
139,123,1,980989380
139,73,1,980989380
139,17,1,980989380
139,139,1,980989380
139,21,1,980989380
139,69,1,980989380
139,140,1,980989380
139,140,1,980989380
48,13,1,980992860
122,54,1,980993340
75,11,1,980994960
75,11,1,980994960
76,136,1,980997060
73,73,1,980998680
73,73,1,980998680
39,39,1,981000480
39,39,1,981000480
114,81,1,981001320
142,76,1,981001560
137,68,1,981009120
137,141,1,981009120
137,2,1,981009120
114,96,1,981009780
39,39,1,981009960
137,11,1,981010020
137,11,1,981010020
137,141,1,981011700
67,9,1,981011820
67,9,1,981011820
114,81,1,981012480
73,69,1,981014340
73,69,1,981014340
48,67,1,981014400
48,147,1,981014400
48,50,1,981014400
48,9,1,981014400
49,141,1,981015360
49,2,1,981015360
49,70,1,981015360
139,1,1,981016620
139,123,1,981016620
139,73,1,981016620
139,17,1,981016620
139,139,1,981016620
139,21,1,981016620
139,69,1,981016620
139,140,1,981016620
139,140,1,981016620
139,1,1,981016620
139,123,1,981016620
139,73,1,981016620
139,17,1,981016620
139,139,1,981016620
139,21,1,981016620
139,69,1,981016620
139,140,1,981016620
139,140,1,981016620
150,107,1,981016800
137,49,1,981020280
100,49,1,981022260
73,69,1,981023940
73,1,1,981023940
73,69,1,981023940
73,1,1,981023940
73,69,1,981023940
73,1,1,981023940
67,147,1,981025800
53,54,1,981043086
39,39,1,981043680
39,39,1,981053160
49,141,1,981058560
49,2,1,981058560
49,70,1,981058560
86,115,1,981069600
86,115,1,981069600
137,49,1,981070980
137,68,1,981071340
137,49,1,981071340
137,141,1,981071340
137,3,1,981071340
137,49,1,981071340
137,141,1,981071340
137,3,1,981071340
137,141,1,981072960
137,49,1,981072960
137,49,1,981072960
67,9,1,981075840
67,9,1,981075840
67,57,1,981076680
137,49,1,981077160
76,136,1,981077160
137,18,1,981077400
67,147,1,981077580
67,9,1,981080880
67,9,1,981080880
142,33,1,981082680
142,33,1,981082680
70,141,1,981083100
70,2,1,981083100
70,19,1,981083100
70,141,1,981083100
70,2,1,981083100
70,19,1,981083100
76,142,1,981092280
67,9,1,981093540
142,76,1,981094320
102,122,1,981096180
102,49,1,981096180
102,100,1,981096180
102,44,1,981096180
102,44,1,981096180
102,122,1,981096180
102,49,1,981096180
102,100,1,981096180
102,44,1,981096180
102,44,1,981096180
102,122,1,981096180
102,49,1,981096180
102,100,1,981096180
102,44,1,981096180
102,44,1,981096180
67,9,1,981099780
145,101,1,981103620
145,101,1,981103620
122,128,1,981106020
73,69,1,981116100
73,139,1,981116100
73,69,1,981116100
73,139,1,981116100
73,69,1,981116100
73,139,1,981116100
73,69,1,981116220
73,69,1,981116220
70,141,1,981126300
70,2,1,981126300
70,19,1,981126300
139,1,1,981143400
139,123,1,981143400
139,73,1,981143400
139,17,1,981143400
139,139,1,981143400
139,21,1,981143400
139,69,1,981143400
139,140,1,981143400
139,140,1,981143400
73,69,1,981215040
73,1,1,981215040
73,69,1,981215040
73,1,1,981215040
15,86,1,981231600
15,115,1,981231600
17,1,1,981268140
137,29,1,981278460
137,49,1,981278460
137,29,1,981278460
137,49,1,981278460
44,104,1,981292500
53,44,1,981310902
145,100,1,981329400
44,104,1,981329400
69,139,1,981334020
69,73,1,981334020
69,139,1,981334020
69,73,1,981334020
48,13,1,981335580
48,147,1,981335580
67,9,1,981338520
67,9,1,981338520
73,69,1,981339300
73,1,1,981339300
73,69,1,981339300
73,1,1,981339300
73,69,1,981339300
73,1,1,981339300
48,147,1,981339480
73,69,1,981339720
73,1,1,981339720
114,81,1,981339780
114,81,1,981339780
114,81,1,981339960
48,147,1,981340740
48,147,1,981340740
48,136,1,981341280
48,136,1,981341280
76,136,1,981344400
67,147,1,981346380
67,50,1,981346380
67,48,1,981346380
67,9,1,981346380
102,44,1,981348660
102,44,1,981348660
44,102,1,981349200
114,81,1,981349620
17,49,1,981353340
69,73,1,981359520
69,73,1,981359760
73,69,1,981362400
73,1,1,981362400
73,69,1,981362400
73,1,1,981362400
73,69,1,981362400
73,1,1,981362400
114,128,1,981363120
114,81,1,981363240
44,91,1,981364260
48,13,1,981367620
53,77,1,981378312
57,57,1,981415680
125,61,1,981418740
49,70,1,981422460
44,91,1,981427440
71,25,1,981429900
71,25,1,981429900
147,67,1,981436920
147,67,1,981436920
73,69,1,981437100
69,73,1,981437400
73,73,1,981439260
73,73,1,981439260
73,69,1,981440820
73,69,1,981440820
73,73,1,981440940
73,73,1,981440940
149,1,1,981444240
73,69,1,981444720
73,1,1,981444720
73,69,1,981444720
73,1,1,981444720
73,69,1,981444720
73,1,1,981444720
48,67,1,981446700
48,67,1,981446700
48,67,1,981446700
48,67,1,981446700
67,9,1,981451200
67,50,1,981451200
67,9,1,981451200
67,50,1,981451200
137,49,1,981451920
137,75,1,981451920
137,2,1,981451920
137,49,1,981451920
137,75,1,981451920
137,2,1,981451920
137,49,1,981451920
137,75,1,981451920
137,2,1,981451920
137,49,1,981451920
137,75,1,981451920
137,2,1,981451920
137,49,1,981452460
137,2,1,981452460
137,49,1,981452460
137,2,1,981452460
17,61,1,981452820
17,25,1,981452820
137,32,1,981452940
137,69,1,981452940
137,69,1,981452940
67,147,1,981456180
67,50,1,981456180
67,48,1,981456180
67,9,1,981456180
73,151,1,981458100
73,151,1,981458100
73,151,1,981458100
122,107,1,981460260
49,70,1,981465660
73,69,1,981473580
73,1,1,981473580
73,69,1,981473580
73,1,1,981473580
125,61,1,981504180
147,9,1,981505860
67,9,1,981506640
67,9,1,981507960
67,147,1,981508320
67,9,1,981509700
44,150,1,981512160
73,73,1,981512700
73,73,1,981512700
76,57,1,981517080
100,44,1,981517260
67,147,1,981523620
67,147,1,981523620
48,136,1,981526020
48,136,1,981526020
53,96,1,981527327
53,44,1,981527327
53,58,1,981527327
53,38,1,981527413
114,63,1,981530040
48,13,1,981530460
67,50,1,981530940
67,48,1,981530940
67,9,1,981530940
67,57,1,981531420
125,61,1,981533100
125,61,1,981533100
149,1,1,981534900
149,132,1,981534900
149,97,1,981534900
149,130,1,981534900
149,133,1,981534900
149,93,1,981534900
76,142,1,981537780
48,13,1,981537960
73,73,1,981539580
73,73,1,981539580
73,69,1,981552240
73,1,1,981552240
73,69,1,981552240
73,1,1,981552240
73,69,1,981552240
73,1,1,981552240
137,141,1,981595020
137,49,1,981595020
137,141,1,981595020
137,49,1,981595020
67,9,1,981597060
67,9,1,981598020
73,73,1,981598380
73,73,1,981598380
73,69,1,981598500
73,1,1,981598500
73,69,1,981598500
73,1,1,981598500
139,1,1,981600060
139,123,1,981600060
139,73,1,981600060
139,17,1,981600060
139,139,1,981600060
139,21,1,981600060
139,69,1,981600060
139,140,1,981600060
139,140,1,981600060
139,1,1,981600060
139,123,1,981600060
139,73,1,981600060
139,17,1,981600060
139,139,1,981600060
139,21,1,981600060
139,69,1,981600060
139,140,1,981600060
139,140,1,981600060
139,1,1,981600060
139,123,1,981600060
139,73,1,981600060
139,17,1,981600060
139,139,1,981600060
139,21,1,981600060
139,69,1,981600060
139,140,1,981600060
139,140,1,981600060
137,49,1,981601200
86,149,1,981601560
86,149,1,981601560
61,61,1,981604020
9,57,1,981604080
9,67,1,981604080
9,147,1,981604080
9,50,1,981604080
9,48,1,981604080
52,52,1,981604740
52,52,1,981604980
52,52,1,981605220
73,69,1,981607560
125,61,1,981607620
125,25,1,981607620
67,9,1,981607680
61,125,1,981607980
61,25,1,981607980
61,25,1,981607980
61,125,1,981608400
61,25,1,981608400
61,25,1,981608400
125,61,1,981608400
125,25,1,981608400
125,25,1,981608400
48,67,1,981609180
48,67,1,981609180
67,50,1,981613260
67,48,1,981613260
67,9,1,981613260
52,52,1,981614580
149,97,1,981615780
149,132,1,981615780
149,97,1,981615780
149,132,1,981615780
73,69,1,981615900
73,1,1,981615900
73,69,1,981615900
73,1,1,981615900
73,69,1,981615900
73,1,1,981615900
73,69,1,981617520
73,1,1,981617520
73,69,1,981617520
73,1,1,981617520
73,69,1,981617520
73,1,1,981617520
150,44,1,981617940
137,2,1,981620880
137,49,1,981620880
137,2,1,981620880
137,49,1,981620880
48,13,1,981622320
128,100,1,981625440
44,100,1,981677760
44,91,1,981677760
44,100,1,981677760
44,91,1,981677760
100,44,1,981678120
73,69,1,981685440
73,69,1,981685440
73,69,1,981685620
73,69,1,981687000
73,69,1,981687000
73,69,1,981687180
73,1,1,981687180
73,69,1,981687180
73,1,1,981687180
73,69,1,981687180
73,1,1,981687180
67,9,1,981692880
67,9,1,981692880
44,100,1,981693180
44,100,1,981693180
100,44,1,981693360
139,139,1,981697500
139,139,1,981697500
149,86,1,981697500
73,69,1,981697620
76,142,1,981700140
44,150,1,981703320
11,38,1,981704280
11,17,1,981704280
11,33,1,981704280
107,78,1,981708549
67,147,1,981708840
67,50,1,981708840
67,48,1,981708840
67,9,1,981708840
32,137,1,981708960
32,49,1,981708960
32,69,1,981708960
32,4,1,981708960
32,68,1,981708960
32,137,1,981708960
32,49,1,981708960
32,69,1,981708960
32,4,1,981708960
32,68,1,981708960
110,75,1,981709380
137,49,1,981711000
137,141,1,981711000
137,32,1,981711000
137,141,1,981711000
137,32,1,981711000
76,142,1,981711420
48,13,1,981712020
73,49,1,981807660
73,73,1,981808260
73,73,1,981808260
73,69,1,981808500
73,1,1,981808500
73,69,1,981808500
73,1,1,981808500
17,21,1,981870360
85,135,1,981884940
85,87,1,981884940
85,131,1,981884940
85,15,1,981884940
85,138,1,981884940
137,49,1,981892680
145,100,1,981928980
145,49,1,981928980
44,104,1,981934140
96,110,1,981934800
140,140,1,981935820
140,1,1,981935820
140,15,1,981935820
140,130,1,981935820
140,115,1,981935820
140,138,1,981935820
140,139,1,981935820
140,97,1,981935820
140,93,1,981935820
140,87,1,981935820
140,133,1,981935820
140,86,1,981935820
140,131,1,981935820
140,85,1,981935820
140,148,1,981935820
140,132,1,981935820
140,149,1,981935820
140,33,1,981935820
140,135,1,981935820
140,140,1,981935820
140,1,1,981935820
140,15,1,981935820
140,130,1,981935820
140,115,1,981935820
140,138,1,981935820
140,139,1,981935820
140,97,1,981935820
140,93,1,981935820
140,87,1,981935820
140,133,1,981935820
140,86,1,981935820
140,131,1,981935820
140,85,1,981935820
140,148,1,981935820
140,132,1,981935820
140,149,1,981935820
140,33,1,981935820
140,135,1,981935820
9,57,1,981941280
9,67,1,981941280
9,147,1,981941280
9,50,1,981941280
9,48,1,981941280
9,57,1,981941280
9,67,1,981941280
9,147,1,981941280
9,50,1,981941280
9,48,1,981941280
48,136,1,981941820
125,61,1,981944700
67,147,1,981944880
67,50,1,981944880
67,48,1,981944880
67,9,1,981944880
67,9,1,981945600
48,50,1,981946140
48,50,1,981946140
9,67,1,981946140
61,125,1,981948180
61,49,1,981948180
125,61,1,981949020
73,69,1,981955380
73,1,1,981955380
73,69,1,981955380
73,1,1,981955380
73,69,1,981955560
73,69,1,981955560
48,67,1,981956280
48,147,1,981956280
48,50,1,981956280
48,9,1,981956280
147,67,1,981956520
147,48,1,981956520
147,50,1,981956520
147,9,1,981956520
9,57,1,981959940
44,150,1,981960240
73,69,1,981961740
73,69,1,981961740
149,86,1,981963300
73,69,1,981963420
149,15,1,981963960
149,15,1,981963960
86,149,1,981964080
149,86,1,981964380
149,97,1,981964980
73,69,1,981965220
73,1,1,981965220
76,142,1,981967500
44,104,1,981970020
137,49,1,981972120
137,49,1,981972600
73,69,1,981973800
73,69,1,981973800
67,9,1,981977460
67,147,1,981977460
67,147,1,981977460
44,100,1,982021560
67,50,1,982024440
145,100,1,982025400
67,48,1,982027380
39,39,1,982028880
39,39,1,982028880
73,49,1,982031640
61,125,1,982032000
61,125,1,982032120
61,49,1,982032120
73,69,1,982032660
73,1,1,982032660
137,32,1,982033320
137,49,1,982033320
137,49,1,982033320
96,128,1,982033380
69,73,1,982033620
76,57,1,982035240
96,128,1,982037640
89,5,1,982038180
89,5,1,982038300
48,13,1,982038360
48,13,1,982039380
61,25,1,982040880
61,25,1,982041060
39,39,1,982043880
76,57,1,982045980
61,125,1,982047540
61,49,1,982047540
48,67,1,982049880
48,147,1,982049880
48,50,1,982049880
48,9,1,982049880
48,27,1,982049880
48,27,1,982049880
48,67,1,982051140
52,48,1,982051380
67,50,1,982051380
67,48,1,982051380
67,9,1,982051380
48,52,1,982052940
48,67,1,982054560
48,147,1,982054560
48,50,1,982054560
48,9,1,982054560
48,67,1,982054560
48,147,1,982054560
48,50,1,982054560
48,9,1,982054560
67,9,1,982056420
73,129,1,982059240
73,129,1,982059240
73,129,1,982059240
73,129,1,982059240
39,39,1,982072080
39,39,1,982072080
17,59,1,982079520
17,26,1,982079700
39,39,1,982087080
73,69,1,982103760
73,69,1,982103760
73,69,1,982103760
73,69,1,982103760
73,69,1,982103880
73,1,1,982103880
73,69,1,982103880
73,1,1,982103880
44,100,1,982107180
73,69,1,982112580
73,1,1,982112580
73,69,1,982112580
73,1,1,982112580
26,17,1,982116540
73,49,1,982116660
48,50,1,982119120
48,9,1,982119120
75,11,1,982120500
75,11,1,982120500
73,69,1,982120560
73,1,1,982120560
73,69,1,982120560
73,1,1,982120560
81,114,1,982120860
27,147,1,982125360
100,49,1,982128840
73,69,1,982130580
73,1,1,982130580
73,69,1,982130580
73,1,1,982130580
73,69,1,982130580
73,1,1,982130580
73,69,1,982130580
73,1,1,982130580
73,69,1,982130580
73,1,1,982130580
76,142,1,982131300
86,130,1,982133040
86,133,1,982133040
86,115,1,982133040
76,142,1,982133820
76,142,1,982133820
89,5,1,982133880
48,50,1,982134420
89,5,1,982134660
9,57,1,982135200
89,5,1,982135560
9,57,1,982138800
9,67,1,982138800
9,147,1,982138800
9,50,1,982138800
9,48,1,982138800
76,142,1,982138860
137,49,1,982139880
137,32,1,982139880
137,141,1,982139880
137,2,1,982139880
137,32,1,982139880
137,141,1,982139880
137,2,1,982139880
76,142,1,982141560
75,76,1,982143960
67,9,1,982145580
67,9,1,982145580
73,69,1,982147740
73,1,1,982147740
73,69,1,982147740
73,1,1,982147740
73,69,1,982149780
73,69,1,982149780
39,39,1,982159140
39,39,1,982159140
39,39,1,982159260
69,73,1,982188600
69,73,1,982188600
37,37,1,982192680
73,69,1,982195440
73,69,1,982195440
73,69,1,982195440
73,69,1,982195440
73,69,1,982195440
73,69,1,982195440
73,69,1,982195560
73,1,1,982195560
73,69,1,982195560
73,1,1,982195560
73,69,1,982195560
73,1,1,982195560
73,69,1,982196100
73,1,1,982196100
73,69,1,982196100
73,1,1,982196100
100,128,1,982196640
137,141,1,982198500
137,49,1,982198500
142,76,1,982198680
142,76,1,982198680
73,137,1,982198980
73,49,1,982198980
73,137,1,982198980
73,49,1,982198980
48,67,1,982199880
48,147,1,982199880
48,50,1,982199880
48,9,1,982199880
137,49,1,982199940
137,73,1,982199940
137,49,1,982199940
137,73,1,982199940
139,1,1,982200000
139,123,1,982200000
139,73,1,982200000
139,17,1,982200000
139,139,1,982200000
139,21,1,982200000
139,69,1,982200000
139,140,1,982200000
139,140,1,982200000
17,1,1,982200060
48,67,1,982200060
73,137,1,982200360
73,49,1,982200360
73,137,1,982200360
73,49,1,982200360
39,39,1,982203000
67,9,1,982205460
67,48,1,982205520
67,67,1,982206120
73,73,1,982206480
73,73,1,982206480
73,69,1,982207920
73,1,1,982207920
73,69,1,982207920
73,1,1,982207920
76,142,1,982209000
44,78,1,982212180
139,1,1,982213380
139,123,1,982213380
139,73,1,982213380
139,17,1,982213380
139,139,1,982213380
139,21,1,982213380
139,69,1,982213380
139,140,1,982213380
139,140,1,982213380
102,107,1,982214160
102,44,1,982214160
102,122,1,982214160
102,62,1,982214160
102,96,1,982214160
102,49,1,982214160
102,107,1,982214160
102,44,1,982214160
102,122,1,982214160
102,62,1,982214160
102,96,1,982214160
102,49,1,982214160
44,78,1,982215540
139,1,1,982215540
139,123,1,982215540
139,73,1,982215540
139,17,1,982215540
139,139,1,982215540
139,21,1,982215540
139,69,1,982215540
139,140,1,982215540
139,140,1,982215540
48,57,1,982217520
48,57,1,982217520
102,111,1,982217640
102,44,1,982217640
102,104,1,982217640
102,111,1,982217640
102,44,1,982217640
102,104,1,982217640
70,141,1,982218060
70,2,1,982218060
70,19,1,982218060
70,70,1,982218060
70,70,1,982218060
139,123,1,982218300
139,73,1,982218300
139,17,1,982218300
139,21,1,982218300
139,69,1,982218300
139,123,1,982218300
139,73,1,982218300
139,17,1,982218300
139,21,1,982218300
139,69,1,982218300
139,123,1,982218300
139,73,1,982218300
139,17,1,982218300
139,21,1,982218300
139,69,1,982218300
33,57,1,982218600
44,78,1,982219200
48,67,1,982219260
48,67,1,982219260
75,11,1,982220340
11,75,1,982225380
11,38,1,982225380
57,67,1,982225620
67,48,1,982226580
67,48,1,982226580
67,48,1,982226580
67,48,1,982226580
67,9,1,982227480
73,27,1,982229100
73,69,1,982229100
73,27,1,982229100
73,69,1,982229100
73,27,1,982229100
73,69,1,982229100
73,27,1,982229100
73,69,1,982229100
73,69,1,982231860
73,69,1,982231860
73,69,1,982231860
73,151,1,982234440
73,151,1,982234440
73,151,1,982234440
68,3,1,982238640
141,137,1,982241340
141,49,1,982241340
141,32,1,982241340
141,2,1,982241340
141,49,1,982241340
141,32,1,982241340
141,2,1,982241340
102,107,1,982253760
102,44,1,982253760
102,122,1,982253760
102,62,1,982253760
102,96,1,982253760
102,49,1,982253760
70,141,1,982261260
70,2,1,982261260
70,19,1,982261260
70,70,1,982261260
70,70,1,982261260
100,44,1,982274940
100,104,1,982274940
100,91,1,982274940
100,111,1,982274940
100,91,1,982274940
100,111,1,982274940
17,59,1,982282800
11,75,1,982284000
67,48,1,982284240
67,48,1,982284240
67,48,1,982284240
67,48,1,982284240
73,69,1,982284540
73,69,1,982284540
73,69,1,982284540
11,38,1,982286340
11,75,1,982286340
145,49,1,982286760
149,93,1,982287600
149,93,1,982287600
145,49,1,982287900
145,49,1,982288800
11,75,1,982288980
75,11,1,982293480
75,11,1,982293480
38,75,1,982294020
38,11,1,982294020
38,11,1,982294020
76,57,1,982296300
52,52,1,982299900
52,52,1,982299900
75,11,1,982301400
75,38,1,982301400
75,11,1,982301400
75,38,1,982301400
67,57,1,982303680
67,57,1,982303680
67,57,1,982303740
67,57,1,982304100
57,67,1,982308660
9,48,1,982311360
39,39,1,982314660
149,1,1,982314660
149,132,1,982314660
149,97,1,982314660
149,130,1,982314660
149,133,1,982314660
149,93,1,982314660
67,9,1,982316940
73,69,1,982328640
73,69,1,982328640
73,69,1,982328760
73,1,1,982328760
73,69,1,982328760
73,1,1,982328760
73,69,1,982328940
73,1,1,982328940
73,69,1,982328940
73,1,1,982328940
73,73,1,982329060
73,73,1,982329060
73,69,1,982329360
73,1,1,982329360
73,69,1,982329360
73,1,1,982329360
73,69,1,982329480
73,1,1,982329480
73,69,1,982329480
73,1,1,982329480
73,69,1,982329480
73,1,1,982329480
73,69,1,982329600
73,69,1,982329600
137,141,1,982339560
137,2,1,982339560
137,70,1,982339560
137,49,1,982339560
137,32,1,982339560
137,73,1,982339560
137,32,1,982339560
137,73,1,982339560
73,69,1,982468800
73,69,1,982468800
73,69,1,982468800
73,73,1,982505940
73,73,1,982505940
73,73,1,982506300
73,73,1,982506300
57,67,1,982541520
57,9,1,982541520
57,50,1,982541520
57,9,1,982541520
57,50,1,982541520
137,32,1,982550100
137,49,1,982550100
137,32,1,982550100
137,49,1,982550100
73,73,1,982552500
73,73,1,982552500
53,54,1,982569454
53,44,1,982570789
53,54,1,982573240
53,38,1,982602387
49,141,1,982629120
49,2,1,982629120
49,70,1,982629120
67,50,1,982629900
67,48,1,982629900
67,9,1,982629900
67,50,1,982629900
67,48,1,982629900
67,9,1,982629900
145,100,1,982631160
145,49,1,982631160
67,50,1,982631160
125,61,1,982632540
125,61,1,982632540
149,97,1,982633740
147,67,1,982636740
147,67,1,982636740
75,75,1,982637700
11,75,1,982638180
11,75,1,982638180
11,75,1,982638660
73,69,1,982639440
73,1,1,982639440
67,9,1,982640700
73,140,1,982644000
73,140,1,982644000
73,69,1,982644240
39,39,1,982645740
150,150,1,982654260
150,107,1,982654260
150,78,1,982654260
73,69,1,982654320
73,1,1,982654320
73,73,1,982654800
73,73,1,982654800
139,1,1,982654860
139,123,1,982654860
139,73,1,982654860
139,17,1,982654860
139,139,1,982654860
139,21,1,982654860
139,69,1,982654860
67,9,1,982656960
67,9,1,982656960
76,142,1,982659480
48,13,1,982661340
73,151,1,982661880
73,69,1,982661880
73,69,1,982661880
151,73,1,982664520
151,69,1,982664520
151,69,1,982664520
73,151,1,982665360
53,38,1,982665757
73,69,1,982666080
73,69,1,982666380
73,1,1,982666380
68,3,1,982666800
73,69,1,982669140
73,1,1,982669140
73,73,1,982669380
73,73,1,982669380
73,69,1,982671660
73,1,1,982671660
49,141,1,982672320
49,2,1,982672320
49,70,1,982672320
49,137,1,982672320
49,137,1,982672320
53,54,1,982685646
73,73,1,982685880
73,73,1,982685880
53,38,1,982685930
39,39,1,982688940
9,57,1,982715280
9,67,1,982715280
9,147,1,982715280
9,50,1,982715280
9,48,1,982715280
9,57,1,982715280
9,67,1,982715280
9,147,1,982715280
9,50,1,982715280
9,48,1,982715280
145,100,1,982717980
145,100,1,982717980
145,100,1,982717980
145,100,1,982717980
76,57,1,982718520
67,9,1,982718820
9,67,1,982719120
100,100,1,982719720
100,100,1,982719720
76,136,1,982724460
9,50,1,982728420
9,48,1,982728420
61,90,1,982729920
61,90,1,982730940
48,9,1,982731720
75,11,1,982737780
149,86,1,982739940
149,86,1,982739940
142,136,1,982741560
61,125,1,982741680
142,136,1,982743540
19,70,1,982746780
19,49,1,982746780
19,49,1,982746780
48,13,1,982746840
39,39,1,982749893
53,107,1,982764386
53,107,1,982764386
73,69,1,982766700
73,69,1,982766820
73,1,1,982766820
73,69,1,982767120
73,1,1,982767120
53,44,1,982772876
73,73,1,982773660
73,73,1,982773660
73,73,1,982774200
73,73,1,982774200
19,70,1,982789980
19,49,1,982789980
19,49,1,982789980
149,86,1,982800840
86,149,1,982800900
139,69,1,982802700
139,73,1,982802700
139,69,1,982802700
139,73,1,982802700
139,69,1,982802700
139,73,1,982802700
139,69,1,982802700
139,73,1,982802700
114,81,1,982803180
11,75,1,982804320
67,9,1,982806240
67,9,1,982806240
76,142,1,982806240
114,81,1,982810620
114,81,1,982810620
114,96,1,982811520
86,149,1,982812540
76,57,1,982814160
149,86,1,982814520
11,75,1,982814880
86,149,1,982815540
28,2,1,982816833
73,69,1,982817460
73,69,1,982819560
73,1,1,982819560
73,69,1,982819560
73,1,1,982819560
73,69,1,982819560
73,1,1,982819560
73,69,1,982821000
73,1,1,982821000
75,11,1,982821180
133,139,1,982822320
48,67,1,982822680
48,67,1,982822680
48,67,1,982822680
48,67,1,982822680
149,86,1,982822860
75,11,1,982822920
142,76,1,982824720
142,76,1,982824720
73,69,1,982825020
73,1,1,982825020
73,69,1,982825020
73,1,1,982825020
73,69,1,982825020
73,1,1,982825020
75,11,1,982825080
75,38,1,982825080
75,38,1,982825080
137,49,1,982825200
137,49,1,982825200
9,57,1,982825620
9,67,1,982825620
9,147,1,982825620
9,50,1,982825620
9,48,1,982825620
9,57,1,982825620
9,67,1,982825620
9,147,1,982825620
9,50,1,982825620
9,48,1,982825620
67,9,1,982829040
67,9,1,982829040
149,86,1,982830840
9,57,1,982830900
9,67,1,982830900
9,67,1,982830900
61,61,1,982831080
61,61,1,982831080
61,25,1,982831740
49,19,1,982833219
49,141,1,982833219
49,2,1,982833219
49,70,1,982833219
49,137,1,982833219
49,137,1,982833219
67,9,1,982833540
48,13,1,982834800
53,118,1,982863538
86,149,1,982886040
61,61,1,982886160
61,61,1,982886160
38,11,1,982886760
38,75,1,982886760
38,11,1,982886760
38,75,1,982886760
96,114,1,982887660
48,13,1,982890780
48,13,1,982890780
125,61,1,982890780
125,58,1,982890780
67,48,1,982891020
67,48,1,982891020
86,149,1,982891140
86,149,1,982891140
100,111,1,982892160
100,111,1,982892160
61,61,1,982893480
61,61,1,982893480
137,49,1,982894620
61,61,1,982894740
61,61,1,982894740
61,61,1,982894860
61,61,1,982894860
75,11,1,982895640
75,11,1,982895640
73,69,1,982898280
73,1,1,982898280
9,67,1,982898640
61,61,1,982901700
61,61,1,982901700
61,61,1,982902180
61,61,1,982902180
61,61,1,982904820
61,61,1,982904820
61,61,1,982904820
61,61,1,982904820
67,9,1,982905360
75,11,1,982906920
67,50,1,982909020
67,50,1,982909020
75,110,1,982911060
61,26,1,982912260
61,146,1,982912260
61,37,1,982912260
61,17,1,982912260
61,40,1,982912260
61,21,1,982912260
61,59,1,982912260
61,26,1,982912260
61,146,1,982912260
61,37,1,982912260
61,17,1,982912260
61,40,1,982912260
61,21,1,982912260
61,59,1,982912260
142,57,1,982912500
73,69,1,982914180
73,1,1,982914180
142,76,1,982915860
142,76,1,982915860
48,78,1,982916040
96,89,1,982916040
96,89,1,982916280
96,89,1,982916280
70,141,1,982917036
70,2,1,982917036
70,19,1,982917036
70,70,1,982917036
70,70,1,982917036
73,69,1,982917720
73,1,1,982917720
61,61,1,982918020
61,61,1,982918020
73,69,1,982918440
73,1,1,982918440
9,57,1,982918980
9,67,1,982918980
9,147,1,982918980
9,50,1,982918980
9,48,1,982918980
9,57,1,982918980
9,67,1,982918980
9,147,1,982918980
9,50,1,982918980
9,48,1,982918980
9,57,1,982918980
9,67,1,982918980
9,147,1,982918980
9,50,1,982918980
9,48,1,982918980
142,33,1,982919820
142,33,1,982919820
142,33,1,982919820
142,33,1,982919820
73,69,1,982923360
73,1,1,982923360
73,69,1,982923360
73,1,1,982923360
73,69,1,982923360
73,1,1,982923360
73,69,1,982923360
68,3,1,982924860
45,78,1,982928432
49,141,1,982932936
49,2,1,982932936
49,70,1,982932936
21,107,1,982938480
49,141,1,982940998
49,2,1,982940998
49,70,1,982940998
49,141,1,982940998
49,2,1,982940998
49,70,1,982940998
137,141,1,982943388
137,2,1,982943388
137,70,1,982943388
137,49,1,982943388
137,18,1,982943388
137,32,1,982943388
137,28,1,982943388
73,73,1,983073420
73,73,1,983073420
73,73,1,983085420
73,73,1,983085420
73,73,1,983085420
73,69,1,983085900
73,1,1,983085900
73,69,1,983086560
73,69,1,983086560
44,104,1,983097000
53,44,1,983120520
61,61,1,983145120
61,61,1,983145120
75,11,1,983150820
61,61,1,983151180
61,61,1,983151180
61,61,1,983152380
61,61,1,983152380
100,91,1,983153340
61,61,1,983156520
61,61,1,983156520
147,67,1,983158080
147,48,1,983158080
147,50,1,983158080
147,9,1,983158080
37,89,1,983159520
73,73,1,983160000
73,73,1,983160000
9,67,1,983161380
89,5,1,983161440
67,9,1,983161800
53,44,1,983165471
76,57,1,983166540
61,61,1,983168160
61,61,1,983168160
73,69,1,983169660
32,141,1,983171047
32,2,1,983171047
32,29,1,983171047
61,61,1,983171640
61,61,1,983171640
76,142,1,983173560
76,142,1,983173560
27,52,1,983174700
73,69,1,983174700
53,44,1,983175815
61,61,1,983176200
61,61,1,983176200
73,69,1,983176500
73,69,1,983176500
73,73,1,983176620
73,73,1,983176620
48,48,1,983178480
48,48,1,983178480
48,13,1,983180700
73,69,1,983184600
73,69,1,983184600
73,69,1,983184600
17,59,1,983201700
142,33,1,983232960
142,33,1,983232960
142,33,1,983232960
142,33,1,983232960
11,75,1,983234400
147,67,1,983235120
147,48,1,983235120
147,50,1,983235120
147,9,1,983235120
147,67,1,983235120
147,48,1,983235120
147,50,1,983235120
147,9,1,983235120
147,67,1,983235120
147,48,1,983235120
147,50,1,983235120
147,9,1,983235120
67,147,1,983236200
91,100,1,983236500
91,100,1,983236500
48,67,1,983237160
48,147,1,983237160
48,50,1,983237160
48,9,1,983237160
48,67,1,983237160
48,147,1,983237160
48,50,1,983237160
48,9,1,983237160
91,100,1,983237760
67,147,1,983238180
67,50,1,983238180
67,48,1,983238180
67,9,1,983238180
67,147,1,983238180
67,50,1,983238180
67,48,1,983238180
67,9,1,983238180
11,75,1,983238840
9,67,1,983239800
9,67,1,983239800
61,61,1,983240280
61,61,1,983240280
9,67,1,983240760
9,67,1,983240940
9,67,1,983240940
75,11,1,983241060
73,1,1,983242200
73,139,1,983242200
61,61,1,983242500
61,61,1,983242500
9,67,1,983244240
9,67,1,983244240
100,111,1,983244660
100,111,1,983244660
73,69,1,983245620
73,69,1,983246760
61,71,1,983253000
100,91,1,983253480
100,91,1,983253480
73,69,1,983254500
75,11,1,983256660
75,11,1,983256660
73,69,1,983257860
73,69,1,983257860
73,69,1,983259360
73,69,1,983259360
53,38,1,983259396
48,67,1,983260920
48,67,1,983260920
48,67,1,983260920
48,67,1,983260920
9,67,1,983265120
48,13,1,983266320
73,69,1,983267220
73,69,1,983267460
73,1,1,983267460
44,104,1,983271180
44,91,1,983271180
44,78,1,983271480
73,49,1,983274660
73,137,1,983274660
73,69,1,983274960
73,69,1,983275620
73,69,1,983275620
73,69,1,983276040
73,69,1,983276040
2,70,1,983282728
26,61,1,983316180
26,17,1,983316300
96,47,1,983320740
96,89,1,983320740
96,81,1,983320740
96,62,1,983320740
9,67,1,983324460
75,11,1,983325060
73,69,1,983326680
73,69,1,983326680
54,78,1,983327940
76,142,1,983329080
149,1,1,983330220
149,132,1,983330220
149,97,1,983330220
149,130,1,983330220
149,133,1,983330220
149,93,1,983330220
73,139,1,983331300
73,69,1,983331300
73,139,1,983331300
73,69,1,983331300
75,11,1,983332020
75,11,1,983332020
73,69,1,983336640
73,69,1,983336640
137,73,1,983339820
137,49,1,983339820
137,49,1,983339820
48,50,1,983340360
48,50,1,983340360
76,57,1,983345400
73,141,1,983347140
73,141,1,983347140
73,73,1,983348220
73,69,1,983348220
73,69,1,983348220
73,137,1,983348340
73,49,1,983348340
73,49,1,983348340
61,49,1,983348640
61,125,1,983348640
67,9,1,983349540
67,147,1,983349660
67,147,1,983349660
67,147,1,983349720
67,147,1,983349780
67,147,1,983349840
76,142,1,983349840
61,49,1,983349900
61,125,1,983349900
61,61,1,983349960
61,61,1,983349960
67,147,1,983350320
67,147,1,983350320
67,147,1,983350500
67,147,1,983350500
137,49,1,983350800
73,69,1,983351580
73,1,1,983351580
76,142,1,983351820
76,142,1,983351820
48,13,1,983351880
149,1,1,983352660
149,132,1,983352660
149,97,1,983352660
149,130,1,983352660
149,133,1,983352660
149,93,1,983352660
150,44,1,983352720
73,69,1,983356980
73,69,1,983356980
73,69,1,983356980
73,69,1,983356980
73,69,1,983361240
73,69,1,983361240
73,69,1,983361240
57,67,1,983403060
57,9,1,983403060
142,136,1,983403060
96,47,1,983403780
142,76,1,983403960
67,9,1,983406420
67,9,1,983406420
67,9,1,983406480
9,67,1,983406540
67,50,1,983406600
67,57,1,983406600
67,9,1,983407620
38,33,1,983408520
38,33,1,983408520
57,67,1,983408820
57,50,1,983408820
142,76,1,983408940
142,76,1,983408940
75,11,1,983409360
149,133,1,983409780
9,67,1,983411280
9,67,1,983411280
61,49,1,983411460
61,125,1,983411460
125,61,1,983411700
125,61,1,983411700
9,67,1,983411760
9,67,1,983412420
9,67,1,983412420
61,49,1,983412840
61,125,1,983412840
61,49,1,983412840
61,125,1,983412840
27,27,1,983413740
27,27,1,983413740
86,133,1,983413980
86,130,1,983413980
86,149,1,983413980
86,133,1,983413980
86,130,1,983413980
86,149,1,983413980
125,61,1,983415060
125,49,1,983415060
125,125,1,983415060
125,49,1,983415060
125,125,1,983415060
76,136,1,983415180
133,149,1,983415240
61,125,1,983415720
61,49,1,983415720
61,125,1,983415720
61,49,1,983415720
61,125,1,983415720
142,76,1,983418780
147,67,1,983420880
67,147,1,983420880
147,67,1,983420880
122,54,1,983421060
11,75,1,983422620
67,9,1,983424420
48,9,1,983424900
67,9,1,983426700
67,9,1,983426700
67,9,1,983427360
86,149,1,983431320
27,27,1,983431440
27,27,1,983431440
37,17,1,983431560
37,40,1,983431560
48,136,1,983431980
48,136,1,983431980
149,86,1,983432040
86,149,1,983432040
149,1,1,983434680
149,132,1,983434680
149,97,1,983434680
149,130,1,983434680
149,133,1,983434680
149,93,1,983434680
48,67,1,983435040
48,67,1,983435040
48,67,1,983435040
48,67,1,983435040
9,67,1,983435100
17,44,1,983436060
147,67,1,983436060
147,48,1,983436060
147,50,1,983436060
147,9,1,983436060
147,27,1,983436060
147,27,1,983436060
147,67,1,983436060
147,48,1,983436060
147,50,1,983436060
147,9,1,983436060
147,27,1,983436060
147,27,1,983436060
147,67,1,983436060
147,48,1,983436060
147,50,1,983436060
147,9,1,983436060
147,27,1,983436060
147,27,1,983436060
48,147,1,983436240
67,147,1,983437860
139,1,1,983438700
139,123,1,983438700
139,73,1,983438700
139,17,1,983438700
139,139,1,983438700
139,21,1,983438700
139,69,1,983438700
139,140,1,983438700
139,140,1,983438700
48,13,1,983441160
49,70,1,983450057
49,19,1,983450057
49,19,1,983450057
69,73,1,983487600
69,73,1,983487600
48,67,1,983488740
48,67,1,983488740
61,61,1,983489400
61,61,1,983489400
48,67,1,983489820
48,147,1,983489820
48,50,1,983489820
48,9,1,983489820
48,67,1,983489820
48,147,1,983489820
48,50,1,983489820
48,9,1,983489820
67,50,1,983494440
50,67,1,983499360
50,67,1,983499360
142,136,1,983500200
73,69,1,983501040
73,69,1,983501040
73,69,1,983501040
81,114,1,983504280
76,57,1,983507520
76,136,1,983507520
17,102,1,983510400
68,3,1,983511311
73,69,1,983512020
110,75,1,983515920
142,57,1,983516760
57,67,1,983517420
7,75,1,983519160
7,11,1,983519160
7,11,1,983519160
73,69,1,983521080
69,73,1,983523000
48,13,1,983525760
73,69,1,983533320
73,1,1,983533320
73,69,1,983533320
73,1,1,983533320
73,69,1,983533320
73,1,1,983533320
73,69,1,983533320
73,1,1,983533320
123,32,1,983538822
17,21,1,983611920
17,26,1,983611920
17,37,1,983611920
17,40,1,983611920
17,59,1,983611920
17,61,1,983611920
17,21,1,983611920
17,26,1,983611920
17,37,1,983611920
17,40,1,983611920
17,59,1,983611920
17,61,1,983611920
73,69,1,983680200
73,1,1,983680200
53,38,1,983706553
17,146,1,983712000
17,37,1,983712000
17,40,1,983712000
7,75,1,983750340
149,130,1,983752920
149,133,1,983752920
67,48,1,983753040
67,48,1,983753040
67,48,1,983753040
67,48,1,983753040
149,130,1,983753580
75,76,1,983754000
67,147,1,983754600
9,67,1,983755380
9,67,1,983755740
9,67,1,983755740
76,142,1,983756280
76,136,1,983756280
75,11,1,983757540
69,73,1,983757720
69,73,1,983759100
69,73,1,983759100
9,67,1,983760300
9,67,1,983760300
73,69,1,983762160
69,73,1,983762520
50,57,1,983763000
50,67,1,983763000
50,147,1,983763000
50,48,1,983763000
50,9,1,983763000
102,17,1,983763300
48,67,1,983763660
48,147,1,983763660
48,50,1,983763660
48,9,1,983763660
48,67,1,983763720
48,147,1,983763720
48,50,1,983763720
48,9,1,983763720
48,27,1,983767200
68,3,1,983767215
68,3,1,983767215
133,139,1,983769780
93,149,1,983771820
137,28,1,983780580
137,29,1,983780580
137,141,1,983780580
137,2,1,983780580
137,29,1,983780580
137,141,1,983780580
137,2,1,983780580
73,1,1,983781240
73,139,1,983781240
73,69,1,983781240
73,1,1,983781240
73,139,1,983781240
73,69,1,983781240
75,11,1,983782440
75,7,1,983782440
76,142,1,983782680
86,130,1,983783880
86,97,1,983783880
86,132,1,983783880
149,1,1,983785140
149,132,1,983785140
149,97,1,983785140
149,130,1,983785140
149,133,1,983785140
149,93,1,983785140
73,69,1,983785800
73,1,1,983785800
73,69,1,983785980
73,1,1,983785980
73,69,1,983790420
73,69,1,983790420
17,40,1,983800920
17,26,1,983801100
17,21,1,983801100
44,54,1,983835780
91,104,1,983837700
91,111,1,983837700
91,104,1,983837700
91,111,1,983837700
104,111,1,983838540
137,28,1,983840340
137,28,1,983840340
75,11,1,983840700
48,13,1,983840940
48,50,1,983846280
48,50,1,983846280
48,147,1,983847420
73,69,1,983847900
73,1,1,983847900
73,69,1,983847900
73,1,1,983847900
73,69,1,983847900
73,1,1,983847900
73,69,1,983848260
73,1,1,983848260
149,133,1,983849760
17,49,1,983850600
44,54,1,983851500
150,44,1,983853780
73,69,1,983853900
133,149,1,983856420
149,133,1,983856540
38,33,1,983858880
37,17,1,983861880
37,37,1,983861880
37,37,1,983861880
37,17,1,983861880
37,37,1,983861880
37,37,1,983861880
13,67,1,983866680
73,69,1,983867160
73,69,1,983867160
149,1,1,983867820
149,132,1,983867820
149,97,1,983867820
149,130,1,983867820
149,133,1,983867820
149,93,1,983867820
76,142,1,983867880
67,147,1,983875140
73,69,1,983880360
44,44,1,983883840
147,67,1,983925360
147,48,1,983925360
147,50,1,983925360
147,9,1,983925360
147,67,1,983925360
147,48,1,983925360
147,50,1,983925360
147,9,1,983925360
67,147,1,983925360
48,13,1,983926440
9,67,1,983928300
76,142,1,983930400
76,57,1,983932920
73,69,1,983934300
73,69,1,983934300
73,69,1,983935680
73,69,1,983935680
67,13,1,983937840
67,13,1,983937840
147,67,1,983938140
147,48,1,983938140
147,50,1,983938140
147,9,1,983938140
147,67,1,983938140
147,48,1,983938140
147,50,1,983938140
147,9,1,983938140
147,67,1,983938140
147,48,1,983938140
147,50,1,983938140
147,9,1,983938140
48,67,1,983941500
48,67,1,983941500
48,67,1,983941500
48,147,1,983941500
48,50,1,983941500
48,67,1,983941500
48,147,1,983941500
48,50,1,983941500
48,67,1,983941500
48,67,1,983941500
48,67,1,983941500
48,67,1,983941500
48,67,1,983941500
48,147,1,983941500
48,50,1,983941500
48,67,1,983941500
48,147,1,983941500
48,50,1,983941500
52,135,1,983946300
52,135,1,983946300
61,125,1,983949960
75,11,1,983950920
73,69,1,983956020
73,69,1,983957040
48,13,1,983957400
73,49,1,983962800
73,137,1,983962800
73,141,1,983962800
73,73,1,983962920
73,69,1,983962920
73,69,1,983962920
73,73,1,983963460
73,69,1,983963460
73,69,1,983963460
49,19,1,983973576
49,141,1,983973576
49,2,1,983973576
49,70,1,983973576
17,61,1,983974200
44,104,1,984007380
142,136,1,984008760
33,142,1,984010620
67,9,1,984012060
67,147,1,984012300
44,104,1,984016020
73,73,1,984017940
73,73,1,984017940
73,69,1,984019200
73,69,1,984019200
73,69,1,984019200
73,69,1,984019200
57,33,1,984019920
57,38,1,984019920
73,69,1,984020160
73,69,1,984020280
76,142,1,984021000
149,86,1,984021000
73,69,1,984021060
75,38,1,984021540
75,38,1,984021540
75,11,1,984023880
73,69,1,984024540
73,69,1,984024600
73,69,1,984024600
137,20,1,984031140
149,1,1,984034200
149,132,1,984034200
149,97,1,984034200
149,130,1,984034200
149,133,1,984034200
149,93,1,984034200
76,142,1,984034860
76,57,1,984039900
67,9,1,984040980
142,33,1,984042780
142,33,1,984042780
142,33,1,984042840
137,49,1,984042960
67,50,1,984045300
67,33,1,984049800
68,3,1,984051647
48,13,1,984099420
96,89,1,984106920
81,114,1,984107820
149,133,1,984111240
149,130,1,984111240
27,16,1,984111540
133,149,1,984111840
96,47,1,984113220
96,89,1,984113220
96,81,1,984113220
96,62,1,984113220
149,133,1,984115860
149,130,1,984115860
50,57,1,984117360
50,67,1,984117360
50,147,1,984117360
50,48,1,984117360
50,9,1,984117360
9,57,1,984117660
9,67,1,984117660
9,147,1,984117660
9,50,1,984117660
9,48,1,984117660
9,67,1,984119400
50,57,1,984123240
50,67,1,984123240
50,147,1,984123240
50,48,1,984123240
50,9,1,984123240
110,75,1,984124680
110,75,1,984124680
75,11,1,984125220
137,141,1,984127140
137,49,1,984127140
137,49,1,984127140
137,29,1,984128340
137,141,1,984128340
137,32,1,984128340
137,29,1,984128340
137,141,1,984128340
137,32,1,984128340
122,107,1,984129600
48,13,1,984130380
55,55,1,984131700
122,107,1,984132840
39,39,1,984149339
122,107,1,984169200
73,69,1,984196980
73,69,1,984196980
73,69,1,984197160
73,69,1,984197160
73,69,1,984197160
73,69,1,984197640
73,69,1,984197640
73,69,1,984197640
114,89,1,984202260
114,128,1,984202260
114,81,1,984202260
114,81,1,984202260
114,89,1,984205260
114,81,1,984205260
114,89,1,984209100
114,81,1,984209100
114,81,1,984209100
142,136,1,984352740
137,29,1,984355260
137,32,1,984355260
137,68,1,984355260
67,147,1,984356280
67,147,1,984356280
67,147,1,984357300
137,18,1,984357960
139,1,1,984358200
139,123,1,984358200
139,73,1,984358200
139,17,1,984358200
139,139,1,984358200
139,21,1,984358200
139,69,1,984358200
139,1,1,984358200
139,123,1,984358200
139,73,1,984358200
139,17,1,984358200
139,139,1,984358200
139,21,1,984358200
139,69,1,984358200
139,1,1,984358200
139,123,1,984358200
139,73,1,984358200
139,17,1,984358200
139,139,1,984358200
139,21,1,984358200
139,69,1,984358200
139,1,1,984358200
139,123,1,984358200
139,73,1,984358200
139,17,1,984358200
139,139,1,984358200
139,21,1,984358200
139,69,1,984358200
139,1,1,984358200
139,123,1,984358200
139,73,1,984358200
139,17,1,984358200
139,139,1,984358200
139,21,1,984358200
139,69,1,984358200
86,139,1,984358440
48,50,1,984359520
48,50,1,984359520
139,1,1,984361200
139,123,1,984361200
139,73,1,984361200
139,17,1,984361200
139,139,1,984361200
139,21,1,984361200
139,69,1,984361200
133,139,1,984363600
48,50,1,984364020
48,50,1,984364020
73,69,1,984364680
73,69,1,984365220
73,69,1,984365760
73,69,1,984366420
73,69,1,984366420
73,69,1,984366840
73,69,1,984366840
17,40,1,984367560
17,37,1,984367560
17,59,1,984367560
17,21,1,984367560
17,61,1,984367560
17,49,1,984367560
17,40,1,984367560
17,37,1,984367560
17,59,1,984367560
17,21,1,984367560
17,61,1,984367560
17,49,1,984367560
73,69,1,984367860
73,69,1,984367860
73,139,1,984369600
48,147,1,984372420
48,67,1,984372420
48,50,1,984372420
48,50,1,984372420
48,147,1,984372420
48,67,1,984372420
48,50,1,984372420
48,50,1,984372420
73,69,1,984373500
73,69,1,984373500
50,57,1,984375360
50,67,1,984375360
50,147,1,984375360
50,48,1,984375360
50,9,1,984375360
50,48,1,984376860
50,9,1,984376860
50,48,1,984376860
50,9,1,984376860
142,136,1,984377340
76,142,1,984379860
70,141,1,984380821
70,2,1,984380821
70,19,1,984380821
70,70,1,984380821
70,70,1,984380821
114,81,1,984381720
114,81,1,984381720
142,33,1,984383760
142,33,1,984383760
73,139,1,984385860
27,147,1,984386280
48,13,1,984386640
48,50,1,984387300
48,50,1,984387300
48,9,1,984387300
33,142,1,984388620
19,70,1,984409789
19,2,1,984409789
19,141,1,984409789
19,141,1,984409789
86,138,1,984437820
142,33,1,984440340
17,37,1,984443640
17,40,1,984443640
17,37,1,984443640
17,40,1,984443640
33,142,1,984444900
33,38,1,984444900
33,38,1,984444900
149,1,1,984447360
73,69,1,984448620
73,151,1,984448980
73,69,1,984449220
17,59,1,984449520
17,49,1,984449520
17,49,1,984449520
147,67,1,984450240
73,69,1,984451020
73,69,1,984451020
76,38,1,984451980
76,38,1,984451980
73,69,1,984452280
73,69,1,984453840
67,33,1,984454320
73,69,1,984455040
73,69,1,984455160
69,73,1,984455160
67,147,1,984455280
73,69,1,984458340
67,50,1,984461340
86,139,1,984461640
147,67,1,984461700
147,67,1,984461700
67,9,1,984462000
50,57,1,984462180
50,67,1,984462180
50,147,1,984462180
50,48,1,984462180
50,9,1,984462180
136,76,1,984466860
136,76,1,984466860
136,76,1,984467640
9,33,1,984468780
9,57,1,984468780
9,57,1,984468780
44,44,1,984471060
73,73,1,984471240
73,73,1,984471240
147,48,1,984471900
147,48,1,984471900
76,57,1,984473760
73,69,1,984475200
73,69,1,984476040
76,142,1,984476400
76,136,1,984476400
73,69,1,984476760
33,142,1,984477240
33,38,1,984477240
33,38,1,984477240
142,76,1,984480720
142,136,1,984480720
142,76,1,984480720
142,136,1,984480720
75,11,1,984481200
75,38,1,984481200
75,38,1,984481200
142,33,1,984481920
142,38,1,984481920
142,38,1,984481920
142,33,1,984481920
142,38,1,984481920
142,38,1,984481920
73,73,1,984482280
73,73,1,984482280
73,69,1,984484380
73,69,1,984484380
73,73,1,984484680
73,73,1,984484680
73,140,1,984484980
70,2,1,984485011
70,2,1,984485011
53,107,1,984493697
67,9,1,984530340
136,142,1,984535440
136,76,1,984535440
136,142,1,984535440
136,76,1,984535440
73,69,1,984538380
76,57,1,984538500
76,57,1,984538500
114,63,1,984538560
73,69,1,984539160
73,139,1,984539160
73,73,1,984539340
73,73,1,984539340
73,69,1,984539460
9,67,1,984542520
149,131,1,984543720
53,54,1,984547613
53,107,1,984548812
73,69,1,984549420
75,38,1,984549840
75,11,1,984549840
75,38,1,984549840
75,11,1,984549840
139,73,1,984550740
139,73,1,984550740
139,73,1,984550740
139,73,1,984550740
73,69,1,984550980
73,69,1,984550980
73,69,1,984550980
48,136,1,984551460
48,50,1,984551940
48,50,1,984551940
142,76,1,984552300
136,48,1,984553140
73,69,1,984553320
33,142,1,984554280
142,33,1,984557280
142,33,1,984557280
33,142,1,984557340
107,78,1,984558499
48,13,1,984558900
73,69,1,984559980
142,33,1,984560100
142,33,1,984560100
73,69,1,984560280
67,48,1,984562500
67,48,1,984562500
107,78,1,984562849
48,13,1,984563220
48,67,1,984563220
48,67,1,984563220
52,52,1,984563340
52,52,1,984563340
52,52,1,984563760
53,101,1,984564597
67,48,1,984565920
67,48,1,984565920
48,67,1,984566400
48,67,1,984566400
48,67,1,984566400
48,67,1,984566400
49,70,1,984568895
107,78,1,984570389
73,69,1,984570720
73,69,1,984570720
73,69,1,984570720
73,1,1,984572760
73,1,1,984572760
17,11,1,984576480
17,40,1,984577260
17,26,1,984577560
17,26,1,984577980
17,61,1,984577980
17,21,1,984577980
17,59,1,984577980
17,40,1,984577980
17,37,1,984577980
17,146,1,984578160
75,11,1,984580800
75,38,1,984580800
2,70,1,984589458
2,70,1,984589458
44,62,1,984612480
42,60,1,984613980
149,87,1,984617460
149,15,1,984617460
9,67,1,984619680
9,67,1,984619680
48,9,1,984620400
48,9,1,984620400
33,75,1,984620520
73,69,1,984620940
73,69,1,984621240
73,69,1,984621240
73,69,1,984621240
9,67,1,984621900
9,67,1,984621900
9,67,1,984622620
67,147,1,984624000
67,147,1,984624000
147,9,1,984624300
147,67,1,984624300
147,9,1,984624300
147,67,1,984624300
147,9,1,984624300
147,67,1,984624300
147,9,1,984624300
147,67,1,984624300
147,67,1,984626700
147,9,1,984626700
147,67,1,984626700
147,9,1,984626700
147,67,1,984626700
147,9,1,984626700
147,67,1,984626700
147,9,1,984626700
76,142,1,984629700
61,61,1,984631920
61,61,1,984631920
147,9,1,984639540
147,67,1,984639540
147,67,1,984639540
147,9,1,984639540
147,67,1,984639540
147,67,1,984639540
19,70,1,984639962
19,2,1,984639962
19,141,1,984639962
19,2,1,984639962
19,141,1,984639962
73,49,1,984642240
73,32,1,984642240
73,139,1,984642240
73,137,1,984642240
73,141,1,984642240
114,89,1,984643260
114,89,1,984643260
147,9,1,984644220
147,67,1,984644220
147,67,1,984644220
147,9,1,984644220
147,67,1,984644220
147,67,1,984644220
27,48,1,984645840
27,48,1,984645840
147,9,1,984645960
147,67,1,984645960
147,9,1,984645960
147,67,1,984645960
147,9,1,984645960
147,67,1,984645960
147,9,1,984645960
147,67,1,984645960
139,73,1,984646020
139,69,1,984646020
139,73,1,984646020
139,69,1,984646020
147,9,1,984646020
147,67,1,984646020
147,9,1,984646020
147,67,1,984646020
73,69,1,984646200
73,32,1,984646200
73,69,1,984646200
73,32,1,984646200
73,69,1,984649980
73,69,1,984649980
48,27,1,984651000
48,27,1,984651000
73,69,1,984711240
73,69,1,984711240
73,69,1,984712080
73,1,1,984712080
73,69,1,984712080
73,1,1,984712080
73,69,1,984714420
73,139,1,984714420
73,69,1,984714420
73,139,1,984714420
48,67,1,984714600
48,67,1,984714600
73,69,1,984714660
73,69,1,984714660
73,69,1,984715740
73,69,1,984715740
73,69,1,984715860
73,69,1,984718380
48,44,1,984725040
48,9,1,984725220
9,48,1,984725400
53,107,1,984725425
53,107,1,984725425
48,9,1,984725760
75,110,1,984726060
70,141,1,984730990
70,2,1,984730990
70,19,1,984730990
70,70,1,984730990
70,70,1,984730990
76,136,1,984731520
16,54,1,984779520
16,107,1,984779520
27,48,1,984820380
50,9,1,984962580
50,48,1,984962580
50,9,1,984962580
50,48,1,984962580
86,149,1,984963840
86,149,1,984963840
149,86,1,984964260
149,86,1,984964260
11,75,1,984965220
11,75,1,984965220
73,69,1,984967980
76,57,1,984970260
140,139,1,984971340
107,84,1,984971640
107,84,1,984971640
73,69,1,984976020
73,69,1,984976980
73,69,1,984976980
73,69,1,984976980
73,69,1,984977400
73,139,1,984977400
73,69,1,984977400
73,139,1,984977400
73,69,1,984981120
48,44,1,984988320
48,91,1,984988320
107,84,1,984989220
73,69,1,984990000
125,61,1,984991020
75,76,1,984991500
96,89,1,984991560
75,76,1,984991620
75,76,1,984991680
48,13,1,984993540
107,84,1,984993660
107,84,1,984993660
48,107,1,984995820
107,48,1,984996240
67,9,1,984999660
123,54,1,985000860
73,69,1,985004640
73,69,1,985004640
73,69,1,985004640
73,139,1,985005060
73,69,1,985005060
73,139,1,985005060
73,69,1,985005060
17,40,1,985009080
107,84,1,985011240
107,84,1,985011240
84,107,1,985028460
84,107,1,985028460
107,84,1,985028820
107,84,1,985033260
107,84,1,985033260
44,104,1,985044000
61,146,1,985044000
61,26,1,985044000
61,17,1,985044000
61,21,1,985044000
61,40,1,985044000
61,37,1,985044000
61,59,1,985044000
61,49,1,985044000
61,71,1,985044000
61,125,1,985044000
147,67,1,985049100
147,67,1,985049100
147,67,1,985049100
147,67,1,985049100
73,139,1,985053840
73,69,1,985053840
73,139,1,985053840
73,69,1,985053840
147,67,1,985054740
147,48,1,985054740
147,50,1,985054740
147,9,1,985054740
147,67,1,985054740
147,48,1,985054740
147,50,1,985054740
147,9,1,985054740
147,67,1,985054740
147,48,1,985054740
147,50,1,985054740
147,9,1,985054740
147,67,1,985054740
147,48,1,985054740
147,50,1,985054740
147,9,1,985054740
147,67,1,985054740
147,48,1,985054740
147,50,1,985054740
147,9,1,985054740
147,67,1,985054740
147,48,1,985054740
147,50,1,985054740
147,9,1,985054740
147,67,1,985055040
147,48,1,985055040
147,50,1,985055040
147,9,1,985055040
147,67,1,985055040
147,48,1,985055040
147,50,1,985055040
147,9,1,985055040
147,67,1,985055040
147,48,1,985055040
147,50,1,985055040
147,9,1,985055040
73,69,1,985056360
147,67,1,985056780
147,48,1,985056780
147,50,1,985056780
147,9,1,985056780
50,67,1,985058820
50,67,1,985058820
125,61,1,985060140
147,67,1,985060380
147,67,1,985060380
147,67,1,985060380
147,67,1,985060380
147,27,1,985062180
147,67,1,985062180
147,67,1,985062180
147,27,1,985062180
147,67,1,985062180
147,67,1,985062180
76,75,1,985062780
76,75,1,985062780
61,125,1,985065420
61,61,1,985068300
61,61,1,985068300
89,5,1,985068960
37,17,1,985069020
37,17,1,985069020
37,40,1,985069020
73,69,1,985069260
67,147,1,985070640
67,147,1,985070640
48,44,1,985071480
48,91,1,985071480
17,26,1,985075680
17,26,1,985075680
73,49,1,985076520
61,61,1,985076640
61,61,1,985076640
48,50,1,985076700
48,67,1,985076700
48,50,1,985076700
48,67,1,985076700
48,50,1,985076700
48,67,1,985076700
48,50,1,985076700
48,67,1,985076700
76,142,1,985077240
76,136,1,985077240
67,147,1,985078200
73,73,1,985083540
73,73,1,985083540
61,146,1,985083600
61,26,1,985083600
61,17,1,985083600
61,21,1,985083600
61,40,1,985083600
61,37,1,985083600
61,59,1,985083600
61,49,1,985083600
61,71,1,985083600
61,125,1,985083600
73,69,1,985083600
73,69,1,985083960
150,107,1,985087200
73,69,1,985089540
73,69,1,985089540
44,104,1,985095480
137,141,1,985097520
137,141,1,985097520
137,49,1,985098600
74,16,1,985099019
57,57,1,985099380
74,129,1,985099408
61,61,1,985129500
61,61,1,985129500
114,110,1,985131540
67,147,1,985136460
67,147,1,985136460
48,13,1,985137720
48,107,1,985137900
48,44,1,985137900
73,69,1,985138980
73,69,1,985138980
61,25,1,985139220
73,69,1,985139460
73,69,1,985139460
73,69,1,985139580
73,69,1,985139580
73,69,1,985139760
73,69,1,985139760
73,69,1,985140120
73,69,1,985140120
61,61,1,985140360
61,61,1,985140360
73,69,1,985141920
73,69,1,985141920
73,69,1,985142580
73,69,1,985142580
73,69,1,985142580
73,69,1,985142580
73,139,1,985142820
73,69,1,985142820
73,139,1,985142820
73,69,1,985142820
44,91,1,985144500
142,76,1,985144500
142,76,1,985144800
142,76,1,985144800
27,48,1,985147080
27,48,1,985147080
48,147,1,985149000
48,67,1,985149000
48,147,1,985149000
48,67,1,985149000
76,57,1,985156080
76,57,1,985156080
73,27,1,985156680
73,73,1,985156680
73,27,1,985156680
73,73,1,985156680
67,48,1,985157880
67,48,1,985157880
91,100,1,985158720
91,100,1,985158720
49,2,1,985159329
49,70,1,985159329
49,141,1,985159329
49,141,1,985159329
48,9,1,985159500
91,100,1,985160580
91,100,1,985160580
140,139,1,985162860
73,69,1,985162860
73,69,1,985162860
48,44,1,985165620
48,91,1,985165620
67,50,1,985166220
48,13,1,985166280
67,33,1,985166880
67,57,1,985166880
91,100,1,985167240
91,100,1,985167240
73,69,1,985170420
73,69,1,985170420
73,69,1,985170600
53,44,1,985174700
53,54,1,985175966
75,11,1,985177080
86,149,1,985220820
86,133,1,985220820
86,149,1,985220820
86,133,1,985220820
140,139,1,985223520
67,50,1,985223820
67,50,1,985223880
147,27,1,985224060
147,67,1,985224060
147,67,1,985224060
147,27,1,985224060
147,67,1,985224060
147,67,1,985224060
37,37,1,985227540
37,37,1,985227540
37,37,1,985227540
37,37,1,985227540
76,136,1,985228140
73,69,1,985228440
73,69,1,985228440
73,69,1,985228440
136,76,1,985229460
76,136,1,985232460
86,149,1,985233060
86,149,1,985233060
147,67,1,985236780
147,67,1,985236780
147,67,1,985236780
147,67,1,985236780
147,48,1,985237440
149,86,1,985237440
86,149,1,985237740
149,86,1,985237800
48,147,1,985238280
48,147,1,985238280
76,142,1,985238460
136,76,1,985238880
38,75,1,985239120
13,48,1,985240500
147,67,1,985240500
147,67,1,985240500
114,63,1,985241700
58,58,1,985242540
58,58,1,985242540
58,58,1,985242600
58,58,1,985242600
58,58,1,985242600
58,58,1,985242660
58,58,1,985242660
58,58,1,985242660
142,136,1,985243320
58,58,1,985244760
58,58,1,985244760
58,58,1,985244820
58,58,1,985244820
58,58,1,985244880
58,58,1,985244880
58,58,1,985244940
58,58,1,985244940
58,58,1,985245000
48,44,1,985245480
48,91,1,985245480
136,142,1,985248780
38,11,1,985249620
38,75,1,985249620
73,69,1,985249920
73,69,1,985249920
142,33,1,985250160
142,33,1,985250160
142,33,1,985250160
142,33,1,985250160
48,13,1,985253640
137,49,1,985255740
69,73,1,985256580
17,40,1,985271760
17,37,1,985271760
58,58,1,985282140
58,58,1,985282140
58,58,1,985282200
58,58,1,985282200
58,58,1,985282200
58,58,1,985282260
58,58,1,985282260
58,58,1,985282260
58,58,1,985284360
58,58,1,985284360
58,58,1,985284420
58,58,1,985284420
58,58,1,985284480
58,58,1,985284480
58,58,1,985284540
58,58,1,985284540
58,58,1,985284600
16,107,1,985286040
86,130,1,985304160
86,133,1,985304160
86,139,1,985304160
86,115,1,985304160
86,93,1,985304160
140,139,1,985310100
140,139,1,985311000
76,142,1,985311840
67,67,1,985312620
140,139,1,985312860
140,139,1,985312860
50,67,1,985312860
50,67,1,985312860
76,76,1,985312920
73,69,1,985314060
73,69,1,985314060
139,93,1,985314240
139,133,1,985314240
139,86,1,985314240
139,69,1,985314240
139,132,1,985314240
139,33,1,985314240
139,135,1,985314240
139,73,1,985314240
139,130,1,985314240
139,1,1,985314240
139,140,1,985314240
139,73,1,985314240
139,140,1,985314240
139,139,1,985314240
139,69,1,985314240
139,69,1,985314240
139,32,1,985314240
139,33,1,985314240
139,93,1,985314240
139,133,1,985314240
139,86,1,985314240
139,69,1,985314240
139,132,1,985314240
139,33,1,985314240
139,135,1,985314240
139,73,1,985314240
139,130,1,985314240
139,1,1,985314240
139,140,1,985314240
139,73,1,985314240
139,140,1,985314240
139,139,1,985314240
139,69,1,985314240
139,69,1,985314240
139,32,1,985314240
139,33,1,985314240
139,93,1,985314240
139,133,1,985314240
139,86,1,985314240
139,69,1,985314240
139,132,1,985314240
139,33,1,985314240
139,135,1,985314240
139,73,1,985314240
139,130,1,985314240
139,1,1,985314240
139,140,1,985314240
139,73,1,985314240
139,140,1,985314240
139,139,1,985314240
139,69,1,985314240
139,69,1,985314240
139,32,1,985314240
139,33,1,985314240
139,93,1,985314240
139,133,1,985314240
139,86,1,985314240
139,69,1,985314240
139,132,1,985314240
139,33,1,985314240
139,135,1,985314240
139,73,1,985314240
139,130,1,985314240
139,1,1,985314240
139,140,1,985314240
139,73,1,985314240
139,140,1,985314240
139,139,1,985314240
139,69,1,985314240
139,69,1,985314240
139,32,1,985314240
139,33,1,985314240
73,69,1,985315140
73,69,1,985315140
73,69,1,985316280
73,69,1,985316280
140,139,1,985316700
73,69,1,985316820
73,69,1,985316820
137,32,1,985317480
137,49,1,985317480
137,32,1,985317480
137,49,1,985317480
73,69,1,985319880
91,111,1,985323300
91,100,1,985323300
91,102,1,985323300
91,111,1,985323300
91,100,1,985323300
91,102,1,985323300
69,73,1,985323600
69,73,1,985323600
73,69,1,985324080
73,32,1,985324080
73,141,1,985324080
73,49,1,985324080
73,137,1,985324080
73,69,1,985324080
73,32,1,985324080
73,141,1,985324080
73,49,1,985324080
73,137,1,985324080
86,149,1,985325940
149,86,1,985326360
149,115,1,985327560
48,44,1,985331700
48,91,1,985331700
69,73,1,985333020
69,139,1,985333020
69,69,1,985333020
69,73,1,985333020
69,139,1,985333020
69,69,1,985333020
70,141,1,985334357
70,2,1,985334357
70,19,1,985334357
70,70,1,985334357
70,70,1,985334357
9,57,1,985334940
9,67,1,985334940
9,147,1,985334940
9,50,1,985334940
9,48,1,985334940
137,2,1,985335000
137,49,1,985335240
149,86,1,985336380
48,9,1,985337220
48,9,1,985337220
86,132,1,985337280
86,149,1,985337280
86,133,1,985337280
86,130,1,985337280
86,1,1,985337280
86,97,1,985337280
86,132,1,985337280
86,149,1,985337280
86,133,1,985337280
86,130,1,985337280
86,1,1,985337280
86,97,1,985337280
48,147,1,985339980
48,13,1,985340040
76,136,1,985340400
2,18,1,985340491
2,19,1,985340491
2,70,1,985340491
2,28,1,985340491
2,49,1,985340491
73,69,1,985341600
2,19,1,985342346
2,70,1,985342346
2,141,1,985342346
2,141,1,985342346
73,2,1,985344060
73,141,1,985344060
73,49,1,985344060
73,69,1,985344060
73,32,1,985344060
73,2,1,985344060
73,141,1,985344060
73,49,1,985344060
73,69,1,985344060
73,32,1,985344060
73,140,1,985344420
73,140,1,985344420
73,69,1,985344540
73,69,1,985344540
73,69,1,985348200
68,3,1,985353077
68,3,1,985353077
73,73,1,985360500
73,73,1,985360500
73,69,1,985422360
73,69,1,985495200
137,32,1,985530720
137,141,1,985530720
137,141,1,985530720
142,76,1,985566600
136,76,1,985567140
61,37,1,985569000
61,56,1,985569000
61,125,1,985569000
61,100,1,985569000
61,40,1,985569000
61,37,1,985569000
61,56,1,985569000
61,125,1,985569000
61,100,1,985569000
61,40,1,985569000
149,86,1,985569780
149,86,1,985569780
86,149,1,985574820
149,86,1,985575300
86,149,1,985575660
52,52,1,985575720
52,52,1,985575720
149,86,1,985576380
76,57,1,985577400
86,149,1,985577580
147,67,1,985582080
147,67,1,985582080
147,67,1,985582080
147,67,1,985582080
137,49,1,985585140
137,141,1,985585140
137,141,1,985585140
142,76,1,985585980
142,76,1,985585980
75,11,1,985586280
75,38,1,985586280
75,38,1,985586280
75,38,1,985588260
75,38,1,985588260
44,91,1,985589820
44,100,1,985589820
9,67,1,985592520
9,147,1,985592520
9,50,1,985592520
9,48,1,985592520
75,76,1,985592820
75,76,1,985592820
67,9,1,985592880
57,76,1,985593060
57,142,1,985593060
149,133,1,985597740
149,133,1,985597740
70,141,1,985598209
70,2,1,985598209
70,49,1,985598209
28,70,1,985605996
49,59,1,985606140
17,25,1,985618980
17,26,1,985619460
142,57,1,985650780
142,33,1,985650780
142,76,1,985650780
142,76,1,985650780
142,57,1,985650780
142,33,1,985650780
142,76,1,985650780
142,76,1,985650780
57,76,1,985652520
57,142,1,985652520
9,50,1,985653300
9,48,1,985653300
48,13,1,985653960
48,44,1,985653960
48,91,1,985653960
137,49,1,985653960
137,32,1,985653960
137,141,1,985653960
137,32,1,985653960
137,141,1,985653960
57,76,1,985654140
57,142,1,985654140
11,75,1,985654800
57,76,1,985655640
57,142,1,985655640
107,84,1,985656180
107,84,1,985656180
73,69,1,985658460
73,69,1,985658460
137,49,1,985661280
137,141,1,985661280
137,49,1,985661280
137,141,1,985661280
48,67,1,985663800
48,67,1,985663800
7,75,1,985666080
7,11,1,985666080
76,75,1,985666560
76,75,1,985666560
76,75,1,985666560
76,75,1,985666560
48,67,1,985668600
48,67,1,985668600
48,67,1,985668600
48,67,1,985668600
76,75,1,985672680
76,75,1,985672680
75,110,1,985674780
75,110,1,985674780
48,67,1,985679760
48,147,1,985679760
48,50,1,985679760
48,9,1,985679760
48,67,1,985679760
48,147,1,985679760
48,50,1,985679760
48,9,1,985679760
49,141,1,985679986
49,2,1,985679986
49,70,1,985679986
49,137,1,985679986
49,137,1,985679986
67,50,1,985680360
67,9,1,985680360
48,13,1,985681380
61,125,1,985683000
61,125,1,985683000
75,76,1,985684020
142,57,1,985690380
142,33,1,985690380
142,76,1,985690380
142,76,1,985690380
49,2,1,985692025
49,70,1,985692025
49,141,1,985692025
49,141,1,985692025
49,141,1,985692196
49,2,1,985692196
49,70,1,985692196
107,84,1,985695780
107,84,1,985695780
57,76,1,985695840
57,142,1,985695840
57,76,1,985696200
57,142,1,985696200
49,70,1,985697580
49,49,1,985697580
49,49,1,985697580
78,107,1,985712280
57,57,1,985716300
66,122,1,985717920
66,96,1,985717920
66,78,1,985717920
49,59,1,985719120
67,50,1,985739220
67,50,1,985739640
50,67,1,985741260
50,67,1,985741260
57,76,1,985741260
57,142,1,985741260
67,147,1,985742880
67,147,1,985742880
50,57,1,985744140
50,67,1,985744140
50,147,1,985744140
50,48,1,985744140
50,9,1,985744140
67,50,1,985745280
67,50,1,985745280
67,147,1,985745820
67,147,1,985745820
67,50,1,985746960
48,67,1,985747020
48,147,1,985747020
48,50,1,985747020
48,9,1,985747020
48,67,1,985747020
48,147,1,985747020
48,50,1,985747020
48,9,1,985747020
9,48,1,985747500
100,91,1,985748040
73,69,1,985748760
73,69,1,985748760
75,91,1,985750500
61,25,1,985751820
61,146,1,985752000
9,57,1,985755720
9,67,1,985755720
9,147,1,985755720
9,50,1,985755720
9,48,1,985755720
76,142,1,985760940
53,127,1,985762095
53,129,1,985762095
53,107,1,985762095
53,54,1,985762095
53,38,1,985762095
53,38,1,985762095
57,33,1,985765200
38,17,1,985766700
38,73,1,985766700
48,50,1,985767180
61,146,1,985767840
61,25,1,985767840
142,76,1,985767960
142,57,1,985767960
142,57,1,985767960
142,33,1,985769160
142,33,1,985769160
49,19,1,985769193
49,141,1,985769193
49,2,1,985769193
49,70,1,985769193
49,137,1,985769193
49,137,1,985769193
75,38,1,985769880
75,38,1,985769880
137,141,1,985771500
137,32,1,985771500
137,49,1,985771500
137,66,1,985771500
137,151,1,985771500
137,29,1,985771500
137,141,1,985771500
137,32,1,985771500
137,49,1,985771500
137,66,1,985771500
137,151,1,985771500
137,29,1,985771500
57,76,1,985773480
57,142,1,985773480
57,76,1,985773600
57,142,1,985773600
44,44,1,985774560
73,69,1,985784640
73,69,1,985785240
73,49,1,985785600
17,38,1,985787520
33,57,1,985787640
57,33,1,985804800
142,76,1,985824840
142,76,1,985824960
142,76,1,985824960
38,75,1,985826040
142,76,1,985827480
142,76,1,985827480
48,13,1,985827960
13,48,1,985828380
142,33,1,985828500
61,125,1,985832100
67,147,1,985833060
67,50,1,985833060
67,48,1,985833060
67,9,1,985833060
67,147,1,985833060
67,50,1,985833060
67,48,1,985833060
67,9,1,985833060
75,38,1,985833540
61,125,1,985835400
61,125,1,985835400
38,75,1,985835640
69,73,1,985836420
76,136,1,985836660
75,76,1,985837080
147,48,1,985838400
91,111,1,985841160
91,111,1,985841160
48,147,1,985843560
149,86,1,985844700
76,75,1,985849320
76,75,1,985849320
76,75,1,985849320
76,75,1,985849320
48,13,1,985849920
33,142,1,985851780
75,38,1,985852020
91,100,1,985852680
91,111,1,985852680
91,100,1,985852680
91,111,1,985852680
76,33,1,985855260
76,33,1,985855260
76,33,1,985855380
149,86,1,985859160
149,86,1,985859160
33,17,1,985867020
33,142,1,985867140
33,142,1,985891380
76,33,1,985894860
9,67,1,985911900
9,67,1,985911900
137,49,1,985913100
137,49,1,985913100
75,38,1,985916820
76,33,1,985917240
137,141,1,985918800
137,2,1,985918800
137,29,1,985918800
137,49,1,985918800
137,29,1,985918800
137,49,1,985918800
91,104,1,985919400
91,111,1,985919400
91,102,1,985919400
91,44,1,985919400
91,104,1,985919400
91,111,1,985919400
91,102,1,985919400
91,44,1,985919400
76,33,1,985920000
76,33,1,985920000
9,67,1,985920120
9,147,1,985920120
9,50,1,985920120
9,48,1,985920120
73,69,1,985920960
76,57,1,985921740
76,57,1,985921740
73,69,1,985922580
73,69,1,985922580
73,69,1,985922580
73,69,1,985923360
75,110,1,985924140
73,69,1,985925100
149,97,1,985929180
149,97,1,985929180
75,38,1,985929600
111,104,1,985930020
111,111,1,985930020
111,102,1,985930020
111,44,1,985930020
111,91,1,985930020
111,104,1,985930020
111,111,1,985930020
111,102,1,985930020
111,44,1,985930020
111,91,1,985930020
122,107,1,985930680
149,97,1,985931400
149,97,1,985931400
76,33,1,985932240
110,75,1,985933200
111,104,1,985935360
111,111,1,985935360
111,102,1,985935360
111,44,1,985935360
111,91,1,985935360
67,147,1,985936500
67,147,1,985936500
122,107,1,985937640
76,50,1,985939440
91,111,1,985939560
48,44,1,985939680
48,91,1,985939680
76,33,1,985939740
76,33,1,985939740
16,27,1,985941600
86,115,1,985943040
86,115,1,985943040
86,115,1,985943040
86,115,1,985943040
70,141,1,985943457
70,2,1,985943457
70,19,1,985943457
70,70,1,985943457
70,70,1,985943457
32,18,1,985943460
32,32,1,985943460
32,137,1,985943460
32,139,1,985943460
32,141,1,985943460
32,68,1,985943460
32,66,1,985943460
32,4,1,985943460
32,49,1,985943460
32,69,1,985943460
32,20,1,985943460
32,18,1,985943460
32,32,1,985943460
32,137,1,985943460
32,139,1,985943460
32,141,1,985943460
32,68,1,985943460
32,66,1,985943460
32,4,1,985943460
32,49,1,985943460
32,69,1,985943460
32,20,1,985943460
32,18,1,985943460
32,32,1,985943460
32,137,1,985943460
32,139,1,985943460
32,141,1,985943460
32,68,1,985943460
32,66,1,985943460
32,4,1,985943460
32,49,1,985943460
32,69,1,985943460
32,20,1,985943460
73,69,1,985948800
73,69,1,985948800
73,69,1,985948920
73,69,1,985948920
73,69,1,985948980
73,69,1,985949220
73,69,1,985949220
73,69,1,985949220
2,18,1,985955974
2,19,1,985955974
2,70,1,985955974
2,28,1,985955974
2,49,1,985955974
53,54,1,985956111
53,107,1,985956111
53,107,1,985956111
33,142,1,985958280
76,33,1,985959600
122,107,1,985970280
122,107,1,985977240
122,107,1,985977240
76,33,1,985979340
49,32,1,986147040
49,49,1,986147040
49,49,1,986147040
53,77,1,986151273
61,61,1,986170740
61,61,1,986170740
48,13,1,986177400
67,9,1,986178660
61,61,1,986179020
61,61,1,986179020
27,52,1,986181960
150,107,1,986183040
27,16,1,986183400
142,33,1,986183700
76,33,1,986184480
76,33,1,986184480
137,49,1,986185680
27,16,1,986187120
61,61,1,986195100
61,61,1,986195100
142,136,1,986196060
142,136,1,986196060
61,61,1,986196120
61,61,1,986196120
53,77,1,986197937
57,33,1,986197980
57,38,1,986197980
57,38,1,986197980
76,75,1,986199840
76,75,1,986199840
57,142,1,986201460
57,76,1,986201460
57,76,1,986201460
96,62,1,986201760
96,47,1,986201760
96,110,1,986201820
48,13,1,986205540
67,9,1,986206080
67,9,1,986206080
73,69,1,986206080
33,142,1,986207580
33,38,1,986207580
33,38,1,986207580
73,140,1,986210760
73,69,1,986212560
73,69,1,986212560
57,76,1,986212620
57,142,1,986212620
54,107,1,986219040
76,33,1,986220480
49,7,1,986223600
49,25,1,986223600
49,25,1,986223600
57,33,1,986233980
57,38,1,986233980
57,38,1,986233980
61,17,1,986259600
61,17,1,986259660
61,17,1,986259660
142,33,1,986260140
44,33,1,986260560
67,147,1,986261640
67,147,1,986261640
67,147,1,986263020
142,33,1,986266920
48,9,1,986267100
48,9,1,986267100
48,13,1,986268120
48,9,1,986268120
48,9,1,986268120
122,129,1,986268480
76,142,1,986273760
76,136,1,986273760
44,33,1,986275620
9,67,1,986279940
9,147,1,986279940
7,75,1,986281800
7,11,1,986281800
7,11,1,986281800
76,142,1,986282160
76,57,1,986282160
76,142,1,986282160
76,57,1,986282160
76,142,1,986282160
76,57,1,986282160
76,142,1,986282160
76,57,1,986282160
53,77,1,986283242
75,11,1,986283840
75,7,1,986283840
89,5,1,986284980
89,5,1,986285640
142,136,1,986287320
53,107,1,986288954
53,107,1,986288954
137,141,1,986291940
137,2,1,986291940
67,9,1,986292180
136,67,1,986293440
136,67,1,986293440
136,67,1,986293560
136,67,1,986293560
96,40,1,986295720
96,40,1,986295720
122,129,1,986304480
58,33,1,986312580
57,57,1,986318220
16,84,1,986336040
61,17,1,986342400
61,37,1,986342700
61,56,1,986342700
61,125,1,986342700
61,100,1,986342700
61,40,1,986342700
61,37,1,986342700
61,56,1,986342700
61,125,1,986342700
61,100,1,986342700
61,40,1,986342700
69,73,1,986344380
44,104,1,986347860
44,104,1,986347860
9,67,1,986350920
76,142,1,986351280
76,142,1,986351280
114,63,1,986357100
73,69,1,986357160
73,69,1,986357160
69,73,1,986358540
44,91,1,986358840
44,91,1,986358840
73,69,1,986359980
73,69,1,986359980
133,149,1,986360340
133,149,1,986360340
73,73,1,986360520
73,73,1,986360520
73,69,1,986361060
73,69,1,986361060
73,73,1,986362020
73,73,1,986362020
73,73,1,986362020
73,69,1,986362980
69,73,1,986364420
69,73,1,986364420
69,73,1,986364420
69,73,1,986364420
69,73,1,986364420
69,73,1,986364420
57,76,1,986364540
57,142,1,986364540
57,76,1,986365020
57,142,1,986365020
73,69,1,986365200
52,52,1,986370300
73,69,1,986370720
66,68,1,986370900
142,76,1,986371200
75,7,1,986371380
75,11,1,986371380
104,111,1,986372400
9,67,1,986374200
9,67,1,986374200
9,67,1,986377920
9,67,1,986377920
67,9,1,986378640
73,69,1,986379660
73,69,1,986379660
73,69,1,986379660
73,69,1,986379660
9,67,1,986380740
67,147,1,986381640
142,33,1,986383560
142,33,1,986383560
67,9,1,986385600
67,9,1,986385600
122,107,1,986386080
86,87,1,986393940
86,115,1,986393940
86,115,1,986393940
57,57,1,986395620
57,57,1,986395620
57,57,1,986395740
57,57,1,986396640
73,69,1,986399580
73,69,1,986400000
73,69,1,986400000
73,69,1,986400000
73,69,1,986400180
73,69,1,986400180
57,57,1,986402760
130,133,1,986411760
130,133,1,986412180
130,133,1,986415480
142,33,1,986419860
122,107,1,986422080
44,150,1,986430600
33,142,1,986433660
33,67,1,986434680
67,9,1,986435820
9,67,1,986437020
67,33,1,986437980
147,67,1,986439540
147,67,1,986439540
147,67,1,986439540
147,67,1,986439540
147,67,1,986439540
147,67,1,986439540
142,136,1,986439720
73,69,1,986443260
73,69,1,986443260
73,69,1,986448360
73,69,1,986448960
61,61,1,986453280
61,61,1,986453280
73,69,1,986454060
73,69,1,986454060
61,25,1,986454840
9,67,1,986455560
9,67,1,986455560
50,57,1,986455620
50,67,1,986455620
50,147,1,986455620
50,48,1,986455620
50,9,1,986455620
73,69,1,986456700
73,69,1,986456700
49,2,1,986460123
49,70,1,986460123
61,61,1,986460240
61,61,1,986460240
52,135,1,986460780
52,135,1,986460780
89,5,1,986460780
89,5,1,986460960
52,135,1,986462040
74,127,1,986462518
74,129,1,986462518
147,67,1,986463000
147,48,1,986463000
147,50,1,986463000
147,9,1,986463000
147,67,1,986463000
147,48,1,986463000
147,50,1,986463000
147,9,1,986463000
147,67,1,986463000
147,48,1,986463000
147,50,1,986463000
147,9,1,986463000
136,67,1,986464500
136,67,1,986464500
136,67,1,986464500
136,67,1,986464500
9,147,1,986464680
9,67,1,986464680
9,50,1,986464680
9,48,1,986464680
9,67,1,986464680
9,50,1,986464680
9,48,1,986464680
73,69,1,986464680
9,147,1,986464680
9,67,1,986464680
9,50,1,986464680
9,48,1,986464680
9,67,1,986464680
9,50,1,986464680
9,48,1,986464680
73,69,1,986464680
67,9,1,986466900
67,9,1,986466900
67,57,1,986467560
67,57,1,986467560
67,147,1,986467740
33,67,1,986468280
33,142,1,986469660
33,67,1,986470680
57,57,1,986471700
57,57,1,986471700
17,107,1,986483700
17,21,1,986483700
91,84,1,986498700
17,107,1,986519700
17,21,1,986519700
142,136,1,986521200
57,76,1,986521380
57,142,1,986521380
57,33,1,986521380
57,33,1,986521380
49,73,1,986523360
75,11,1,986526480
75,7,1,986526480
73,49,1,986527800
73,49,1,986527800
76,57,1,986528160
9,67,1,986529660
73,49,1,986530620
73,49,1,986530620
73,69,1,986531340
73,69,1,986531340
69,73,1,986531520
73,69,1,986532420
73,69,1,986532420
73,69,1,986532660
73,69,1,986532660
73,69,1,986533140
73,69,1,986533140
73,69,1,986533260
73,69,1,986533260
73,69,1,986533260
73,69,1,986533260
142,33,1,986536500
44,104,1,986536620
44,111,1,986536620
73,69,1,986538720
73,69,1,986538720
73,69,1,986539800
73,123,1,986539800
73,69,1,986539800
73,123,1,986539800
73,69,1,986539800
73,123,1,986539800
73,69,1,986539800
73,123,1,986539800
76,33,1,986540520
142,76,1,986540520
114,81,1,986540760
73,69,1,986540820
73,69,1,986540820
76,57,1,986540820
76,142,1,986540820
76,142,1,986540820
114,81,1,986541060
114,81,1,986541060
114,81,1,986541420
70,141,1,986542956
70,2,1,986542956
70,19,1,986542956
70,70,1,986542956
70,70,1,986542956
125,58,1,986545080
2,19,1,986548055
2,70,1,986548055
74,72,1,986551105
9,48,1,986551260
73,69,1,986552760
73,69,1,986552760
73,69,1,986552760
76,57,1,986553360
86,133,1,986561400
86,87,1,986561400
76,33,1,986576340
73,69,1,986655000
73,69,1,986655480
73,69,1,986655480
53,77,1,986665269
27,147,1,986725680
107,84,1,986731020
44,33,1,986742900
2,32,1,986756764
2,19,1,986756764
2,70,1,986756764
2,32,1,986756764
2,19,1,986756764
2,70,1,986756764
2,32,1,986756764
2,19,1,986756764
2,70,1,986756764
2,32,1,986756764
2,19,1,986756764
2,70,1,986756764
107,84,1,986767020
67,50,1,986779620
67,9,1,986779620
48,44,1,986783100
48,91,1,986783100
48,9,1,986783340
107,84,1,986784240
73,69,1,986786160
73,69,1,986786160
73,69,1,986786280
73,69,1,986786280
73,69,1,986787360
75,38,1,986787540
73,69,1,986789460
27,147,1,986790060
27,147,1,986790060
27,147,1,986790240
27,147,1,986790240
125,61,1,986791260
61,61,1,986791860
61,61,1,986791860
38,75,1,986792160
73,49,1,986796780
73,49,1,986796780
142,136,1,986797140
75,38,1,986802180
75,38,1,986802180
73,69,1,986803080
48,67,1,986803620
48,147,1,986803620
48,50,1,986803620
48,9,1,986803620
48,67,1,986803620
48,147,1,986803620
48,50,1,986803620
48,9,1,986803620
73,69,1,986804100
75,38,1,986804820
125,61,1,986804880
61,125,1,986805060
48,13,1,986805600
38,75,1,986806140
75,38,1,986807340
27,147,1,986807460
73,69,1,986810700
73,69,1,986810700
67,147,1,986814180
67,147,1,986814180
75,38,1,986814720
100,104,1,986816400
100,111,1,986816400
100,104,1,986816400
100,111,1,986816400
100,104,1,986816400
100,111,1,986816400
100,104,1,986816400
100,111,1,986816400
73,69,1,986816880
84,107,1,986817000
84,107,1,986817000
68,3,1,986817328
49,49,1,986817540
73,69,1,986817600
52,135,1,986817720
52,135,1,986817720
58,33,1,986819760
107,84,1,986820240
58,125,1,986826840
49,19,1,986828603
49,2,1,986828603
49,70,1,986828603
75,38,1,986840820
103,117,1,986841907
103,125,1,986841907
103,58,1,986841907
103,103,1,986841907
44,91,1,986862420
44,104,1,986862600
44,111,1,986862600
38,75,1,986863620
52,135,1,986866620
75,38,1,986869740
75,38,1,986869740
136,47,1,986870100
75,38,1,986871720
75,38,1,986871720
142,136,1,986872020
76,75,1,986874240
76,75,1,986874240
38,75,1,986874360
38,75,1,986874360
75,76,1,986874840
76,136,1,986875800
102,111,1,986877540
50,57,1,986878080
50,67,1,986878080
50,147,1,986878080
50,48,1,986878080
50,9,1,986878080
73,69,1,986879640
61,125,1,986882640
61,25,1,986882640
76,136,1,986884440
76,136,1,986885160
73,49,1,986885760
73,49,1,986885760
73,49,1,986886420
73,49,1,986887320
69,73,1,986888820
73,69,1,986889240
141,49,1,986889348
141,2,1,986889348
141,70,1,986889348
141,19,1,986889348
53,107,1,986891669
53,107,1,986891669
76,75,1,986892540
76,75,1,986892540
76,136,1,986892600
32,32,1,986893609
75,38,1,986894340
52,135,1,986895360
52,135,1,986895360
52,135,1,986896500
48,13,1,986898240
2,19,1,986898452
2,70,1,986898452
73,69,1,986898480
57,57,1,986899860
73,73,1,986901420
73,73,1,986901420
75,38,1,986904240
32,32,1,986904639
73,69,1,986911500
75,38,1,986930340
87,115,1,986941080
44,104,1,986951760
27,27,1,986953980
27,27,1,986953980
122,107,1,986959020
75,38,1,986959200
44,33,1,986960580
67,147,1,986960580
67,50,1,986960580
67,48,1,986960580
67,9,1,986960580
67,147,1,986960580
67,50,1,986960580
67,48,1,986960580
67,9,1,986960580
122,107,1,986960700
73,69,1,986961180
142,33,1,986962320
76,142,1,986962620
76,142,1,986962620
136,67,1,986963340
73,73,1,986963760
73,73,1,986963760
136,142,1,986964120
136,142,1,986964120
73,69,1,986964540
73,49,1,986966340
53,54,1,986967551
147,67,1,986971260
147,48,1,986971260
147,50,1,986971260
147,9,1,986971260
147,67,1,986971260
147,48,1,986971260
147,50,1,986971260
147,9,1,986971260
67,50,1,986971740
67,9,1,986971740
147,67,1,986972280
147,48,1,986972280
147,50,1,986972280
147,9,1,986972280
147,67,1,986972280
147,48,1,986972280
147,50,1,986972280
147,9,1,986972280
147,67,1,986972280
147,48,1,986972280
147,50,1,986972280
147,9,1,986972280
73,73,1,986972460
73,73,1,986972460
48,13,1,986972520
73,73,1,986972520
73,73,1,986972520
27,27,1,986972640
27,27,1,986972640
44,33,1,986975220
50,57,1,986976660
50,67,1,986976660
50,147,1,986976660
50,48,1,986976660
50,9,1,986976660
69,69,1,986980500
73,69,1,986985780
73,69,1,986987340
122,78,1,986987520
48,13,1,986989380
57,57,1,986994900
122,107,1,986995020
122,107,1,986996700
122,78,1,987023520
61,17,1,987033960
61,17,1,987034020
67,50,1,987038760
67,50,1,987038820
61,146,1,987043860
61,125,1,987045420
142,136,1,987045480
142,76,1,987046080
61,125,1,987046380
61,125,1,987046380
73,69,1,987051300
75,38,1,987051420
44,91,1,987055260
69,73,1,987057000
49,137,1,987060729
49,141,1,987060729
49,2,1,987060729
49,70,1,987060729
49,2,1,987060729
49,70,1,987060729
68,3,1,987060976
68,3,1,987060976
75,38,1,987062580
142,38,1,987062880
142,38,1,987062880
61,125,1,987063960
38,75,1,987067080
38,75,1,987068160
38,75,1,987068160
73,73,1,987070560
73,73,1,987070560
48,13,1,987071220
75,38,1,987072180
75,38,1,987072180
75,38,1,987072900
75,38,1,987072900
49,59,1,987081600
75,38,1,987087420
86,115,1,987095940
86,148,1,987095940
86,133,1,987095940
86,93,1,987095940
142,38,1,987098880
49,49,1,987099000
75,38,1,987108180
75,38,1,987108180
75,38,1,987108900
75,38,1,987108900
142,33,1,987118920
142,33,1,987118920
130,132,1,987126720
130,1,1,987126720
130,97,1,987126720
130,132,1,987126720
130,1,1,987126720
130,97,1,987126720
73,69,1,987130860
73,69,1,987130860
67,9,1,987133260
75,38,1,987137880
75,38,1,987137880
48,13,1,987137940
86,115,1,987139020
86,115,1,987139020
86,115,1,987139020
86,115,1,987139020
86,115,1,987139020
86,115,1,987139020
9,57,1,987143160
9,67,1,987143160
9,147,1,987143160
9,50,1,987143160
9,48,1,987143160
70,141,1,987146116
70,2,1,987146116
70,19,1,987146116
70,70,1,987146116
70,70,1,987146116
67,38,1,987147960
67,38,1,987147960
149,135,1,987148620
49,141,1,987148731
49,2,1,987148731
49,70,1,987148731
49,141,1,987148731
49,2,1,987148731
49,70,1,987148731
149,135,1,987148740
149,135,1,987148740
49,141,1,987148800
49,70,1,987148800
49,28,1,987148800
49,32,1,987148800
49,19,1,987148800
49,18,1,987148800
49,29,1,987148800
49,137,1,987148800
49,137,1,987148800
147,67,1,987151320
147,48,1,987151320
147,50,1,987151320
147,9,1,987151320
147,67,1,987151320
147,48,1,987151320
147,50,1,987151320
147,9,1,987151320
69,73,1,987155640
73,73,1,987160860
73,73,1,987160860
86,115,1,987189420
86,115,1,987189420
73,73,1,987256800
73,73,1,987256800
73,73,1,987256800
73,73,1,987256800
73,73,1,987306960
73,73,1,987306960
73,73,1,987306960
73,73,1,987306960
53,69,1,987333021
11,75,1,987387060
61,25,1,987387240
50,57,1,987387360
50,67,1,987387360
50,147,1,987387360
50,48,1,987387360
50,9,1,987387360
38,75,1,987388020
61,49,1,987388740
147,48,1,987388800
147,48,1,987388800
75,38,1,987389520
75,38,1,987389520
38,75,1,987389940
75,38,1,987390060
75,38,1,987390300
75,38,1,987390300
67,147,1,987391260
67,147,1,987391440
67,50,1,987391440
67,48,1,987391440
67,9,1,987391440
136,67,1,987392340
111,91,1,987393060
111,104,1,987393060
111,91,1,987393060
111,104,1,987393060
73,73,1,987393120
73,73,1,987393120
66,68,1,987394320
66,141,1,987394320
66,29,1,987394320
66,29,1,987394320
73,2,1,987394380
73,70,1,987394380
73,141,1,987394380
73,49,1,987394380
73,2,1,987394380
73,70,1,987394380
73,141,1,987394380
73,49,1,987394380
38,75,1,987395100
73,73,1,987395520
73,73,1,987395520
73,73,1,987395520
73,73,1,987395520
38,75,1,987395880
147,67,1,987398160
147,67,1,987398160
147,67,1,987399660
147,48,1,987399660
147,50,1,987399660
147,9,1,987399660
147,67,1,987399660
147,48,1,987399660
147,50,1,987399660
147,9,1,987399660
67,9,1,987400620
75,38,1,987403140
141,70,1,987404119
141,2,1,987404119
141,2,1,987404119
76,147,1,987404700
147,67,1,987405420
147,48,1,987405420
147,50,1,987405420
147,9,1,987405420
147,67,1,987405420
147,48,1,987405420
147,50,1,987405420
147,9,1,987405420
147,67,1,987405420
147,48,1,987405420
147,50,1,987405420
147,9,1,987405420
27,147,1,987406500
69,73,1,987407100
67,147,1,987407700
147,67,1,987408180
147,48,1,987408180
147,50,1,987408180
147,9,1,987408180
147,67,1,987408180
147,48,1,987408180
147,50,1,987408180
147,9,1,987408180
147,67,1,987408180
147,48,1,987408180
147,50,1,987408180
147,9,1,987408180
67,147,1,987408780
67,147,1,987412500
73,69,1,987413460
48,13,1,987414060
142,76,1,987415500
142,76,1,987415500
48,13,1,987415920
75,38,1,987416580
52,52,1,987417000
73,73,1,987417000
73,73,1,987417000
57,76,1,987420120
57,142,1,987420120
57,33,1,987420120
57,33,1,987420120
75,11,1,987420300
75,38,1,987420300
75,11,1,987420300
75,38,1,987420300
61,49,1,987424740
75,38,1,987425520
75,38,1,987425520
75,38,1,987426060
75,38,1,987426300
75,38,1,987426300
73,73,1,987427680
73,73,1,987427680
111,91,1,987429060
111,104,1,987429060
111,91,1,987429060
111,104,1,987429060
75,38,1,987439140
57,57,1,987439200
57,57,1,987443880
57,57,1,987444480
75,38,1,987452580
57,76,1,987456120
57,142,1,987456120
57,33,1,987456120
57,33,1,987456120
75,11,1,987456300
75,38,1,987456300
75,11,1,987456300
75,38,1,987456300
86,87,1,987459120
66,31,1,987467040
147,67,1,987472380
147,67,1,987472380
147,67,1,987472380
147,67,1,987472380
9,57,1,987477720
9,67,1,987477720
9,147,1,987477720
9,50,1,987477720
9,48,1,987477720
149,148,1,987479280
142,136,1,987479340
147,27,1,987481980
147,27,1,987481980
73,69,1,987487560
48,67,1,987489660
48,147,1,987489660
40,25,1,987490200
40,49,1,987490200
40,21,1,987490200
40,17,1,987490200
40,61,1,987490200
142,136,1,987490200
61,71,1,987490680
61,71,1,987490680
142,136,1,987490680
27,147,1,987492960
27,147,1,987492960
27,147,1,987492960
11,75,1,987493380
53,118,1,987495056
55,55,1,987495960
67,48,1,987496380
67,48,1,987496380
142,33,1,987496800
61,61,1,987497040
61,61,1,987497040
75,76,1,987497640
73,73,1,987498240
73,73,1,987498240
147,67,1,987500760
147,67,1,987500760
147,67,1,987501240
147,67,1,987501240
147,67,1,987501240
147,67,1,987501240
73,69,1,987502260
48,13,1,987502380
57,57,1,987503880
53,101,1,987510779
85,134,1,987515220
49,49,1,987517260
49,49,1,987517260
2,137,1,987518519
2,70,1,987518519
2,70,1,987518519
107,84,1,987518760
107,84,1,987518760
107,84,1,987526200
61,71,1,987526680
61,71,1,987526680
61,71,1,987526680
61,71,1,987526680
49,40,1,987528000
55,55,1,987531960
55,55,1,987531960
61,61,1,987533040
61,61,1,987533040
57,57,1,987533580
85,131,1,987553920
50,57,1,987556620
50,67,1,987556620
50,147,1,987556620
50,48,1,987556620
50,9,1,987556620
130,1,1,987556920
130,1,1,987556920
76,33,1,987563340
76,142,1,987563340
76,142,1,987563340
76,33,1,987563700
76,142,1,987563700
76,142,1,987563700
147,67,1,987563880
147,67,1,987563880
147,67,1,987563880
147,67,1,987563880
67,50,1,987564420
67,50,1,987564420
147,67,1,987565020
147,67,1,987565020
147,67,1,987565020
147,67,1,987565020
147,67,1,987565320
147,48,1,987565320
147,50,1,987565320
147,9,1,987565320
147,67,1,987565320
147,48,1,987565320
147,50,1,987565320
147,9,1,987565320
147,67,1,987565320
147,48,1,987565320
147,50,1,987565320
147,9,1,987565320
147,67,1,987565320
147,48,1,987565320
147,50,1,987565320
147,9,1,987565320
9,57,1,987566160
9,67,1,987566160
9,147,1,987566160
9,50,1,987566160
9,48,1,987566160
147,27,1,987575820
147,27,1,987575820
76,57,1,987576780
142,57,1,987577260
142,76,1,987577260
142,76,1,987577260
73,69,1,987579540
76,142,1,987582840
3,141,1,987582954
3,19,1,987582954
3,70,1,987582954
3,2,1,987582954
3,68,1,987582954
122,107,1,987585120
38,75,1,987585180
38,75,1,987585180
100,128,1,987586620
33,142,1,987598680
33,76,1,987598680
76,33,1,987599700
76,142,1,987599700
76,142,1,987599700
33,57,1,987601980
19,2,1,987605104
19,141,1,987605104
19,28,1,987605104
19,49,1,987605104
19,2,1,987605104
19,141,1,987605104
19,28,1,987605104
19,49,1,987605104
19,70,1,987605432
19,2,1,987605432
19,141,1,987605432
19,141,1,987605432
17,59,1,987608160
49,59,1,987620280
122,107,1,987621120
66,141,1,987640860
66,141,1,987640860
114,96,1,987643440
114,81,1,987643440
114,81,1,987643440
48,13,1,987644580
48,9,1,987645360
75,38,1,987645720
9,67,1,987654240
9,67,1,987654240
44,104,1,987654480
44,111,1,987654480
73,141,1,987658080
73,137,1,987658080
73,32,1,987658080
73,69,1,987658080
73,141,1,987658080
73,137,1,987658080
73,32,1,987658080
73,69,1,987658080
73,141,1,987658080
73,137,1,987658080
73,32,1,987658080
73,69,1,987658080
73,69,1,987658140
73,69,1,987658800
73,151,1,987658800
73,69,1,987658800
73,151,1,987658800
67,9,1,987661260
67,9,1,987661260
75,38,1,987661560
53,107,1,987662888
76,57,1,987663000
67,9,1,987663480
9,67,1,987664620
9,67,1,987664620
73,69,1,987667740
73,69,1,987667740
48,13,1,987667980
9,57,1,987669540
9,67,1,987669540
9,147,1,987669540
9,50,1,987669540
9,48,1,987669540
140,69,1,987670980
147,67,1,987671100
147,67,1,987671100
147,67,1,987671100
147,67,1,987671100
75,11,1,987671100
114,96,1,987671640
114,81,1,987671640
114,81,1,987671640
74,137,1,987671940
147,48,1,987672180
67,147,1,987673020
73,69,1,987676440
73,69,1,987676440
114,96,1,987679440
114,81,1,987679440
114,81,1,987679440
114,96,1,987679440
114,81,1,987679440
114,81,1,987679440
76,57,1,987681033
49,49,1,987684600
49,49,1,987684600
49,49,1,987684600
33,142,1,987689520
44,104,1,987690480
44,111,1,987690480
33,142,1,987692340
114,96,1,987707640
114,81,1,987707640
114,81,1,987707640
129,123,1,987711480
129,107,1,987711480
129,54,1,987711480
129,68,1,987711480
129,29,1,987711480
130,1,1,987724200
130,97,1,987724200
130,132,1,987724200
142,136,1,987730740
147,67,1,987731040
147,67,1,987731040
142,136,1,987731160
147,67,1,987731460
147,67,1,987731460
73,69,1,987738360
73,69,1,987738360
73,69,1,987738360
73,69,1,987738360
73,69,1,987738360
73,69,1,987738360
61,125,1,987739140
61,125,1,987739140
69,73,1,987741540
67,9,1,987743100
73,69,1,987743940
9,67,1,987744120
9,67,1,987744120
67,57,1,987744300
73,69,1,987744960
73,69,1,987744960
73,69,1,987744960
73,69,1,987744960
122,107,1,987747240
142,33,1,987750180
50,67,1,987752640
50,67,1,987752640
73,69,1,987754800
48,13,1,987757200
33,67,1,987757260
67,147,1,987758100
67,57,1,987759180
67,33,1,987759180
67,33,1,987759360
68,129,1,987760320
149,148,1,987760980
50,57,1,987761280
50,67,1,987761280
50,147,1,987761280
50,48,1,987761280
50,9,1,987761280
76,57,1,987762120
70,141,1,987762524
70,2,1,987762524
70,19,1,987762524
70,70,1,987762524
70,70,1,987762524
73,69,1,987763440
73,69,1,987763440
73,69,1,987763440
66,129,1,987767400
61,125,1,987775140
61,125,1,987775140
68,3,1,987775413
68,3,1,987779616
68,66,1,987779616
68,3,1,987779616
68,66,1,987779616
129,68,1,987780840
122,107,1,987783240
70,141,1,987784814
70,3,1,987784814
70,2,1,987784814
70,49,1,987784814
70,70,1,987784814
70,3,1,987784814
70,2,1,987784814
70,49,1,987784814
70,70,1,987784814
142,33,1,987786180
45,107,1,987787020
33,67,1,987793260
38,75,1,987822180
38,75,1,987822180
73,69,1,987837480
53,54,1,987963243
53,38,1,987963716
33,67,1,987988620
66,68,1,987988680
66,68,1,987988680
33,67,1,987988680
48,57,1,987993480
73,69,1,987995880
73,69,1,987995880
150,54,1,987997380
150,150,1,987997380
150,150,1,987997380
73,141,1,987997440
73,137,1,987997440
75,38,1,987997500
75,38,1,987997500
76,57,1,988002360
147,67,1,988003440
147,67,1,988003440
52,135,1,988003560
48,67,1,988003680
48,67,1,988003680
147,9,1,988003860
147,50,1,988003860
147,48,1,988003860
147,13,1,988003860
9,67,1,988004100
9,67,1,988004100
96,110,1,988004280
96,89,1,988004280
96,114,1,988004280
96,81,1,988004280
96,62,1,988004280
96,47,1,988004280
96,94,1,988004280
96,63,1,988004280
96,110,1,988004280
96,89,1,988004280
96,114,1,988004280
96,81,1,988004280
96,62,1,988004280
96,47,1,988004280
96,94,1,988004280
96,63,1,988004280
44,104,1,988005180
44,111,1,988005180
53,54,1,988006708
53,126,1,988006708
53,36,1,988006708
53,107,1,988006708
53,44,1,988006708
48,57,1,988006800
147,67,1,988006920
147,48,1,988006920
147,50,1,988006920
147,9,1,988006920
147,67,1,988006920
147,48,1,988006920
147,50,1,988006920
147,9,1,988006920
147,67,1,988006920
147,48,1,988006920
147,50,1,988006920
147,9,1,988006920
147,67,1,988007220
147,48,1,988007220
147,50,1,988007220
147,9,1,988007220
96,89,1,988008660
96,110,1,988008660
96,63,1,988008660
96,114,1,988008660
96,81,1,988008660
96,47,1,988008660
96,62,1,988008660
96,94,1,988008660
96,89,1,988008660
96,110,1,988008660
96,63,1,988008660
96,114,1,988008660
96,81,1,988008660
96,47,1,988008660
96,62,1,988008660
96,94,1,988008660
75,38,1,988009560
48,50,1,988011000
48,9,1,988011000
48,50,1,988011000
48,9,1,988011000
73,69,1,988014240
122,107,1,988014480
73,69,1,988015200
73,69,1,988015200
73,73,1,988016220
73,73,1,988016220
48,67,1,988016280
48,147,1,988016280
48,50,1,988016280
48,9,1,988016280
48,13,1,988016280
48,67,1,988016280
48,147,1,988016280
48,50,1,988016280
48,9,1,988016280
48,13,1,988016280
9,57,1,988019160
9,67,1,988019160
9,147,1,988019160
9,50,1,988019160
9,48,1,988019160
66,68,1,988019220
48,13,1,988021680
52,135,1,988022460
48,13,1,988023360
122,123,1,988024080
33,67,1,988024620
33,67,1,988024680
123,122,1,988037733
71,59,1,988038440
96,110,1,988040280
96,89,1,988040280
96,114,1,988040280
96,81,1,988040280
96,62,1,988040280
96,47,1,988040280
96,94,1,988040280
96,63,1,988040280
96,110,1,988040280
96,89,1,988040280
96,114,1,988040280
96,81,1,988040280
96,62,1,988040280
96,47,1,988040280
96,94,1,988040280
96,63,1,988040280
96,110,1,988040280
96,89,1,988040280
96,114,1,988040280
96,81,1,988040280
96,62,1,988040280
96,47,1,988040280
96,94,1,988040280
96,63,1,988040280
96,110,1,988040280
96,89,1,988040280
96,114,1,988040280
96,81,1,988040280
96,62,1,988040280
96,47,1,988040280
96,94,1,988040280
96,63,1,988040280
44,104,1,988041180
44,111,1,988041180
53,38,1,988041653
96,89,1,988044660
96,110,1,988044660
96,63,1,988044660
96,114,1,988044660
96,81,1,988044660
96,47,1,988044660
96,62,1,988044660
96,94,1,988044660
96,89,1,988044660
96,110,1,988044660
96,63,1,988044660
96,114,1,988044660
96,81,1,988044660
96,47,1,988044660
96,62,1,988044660
96,94,1,988044660
53,38,1,988050200
53,38,1,988050200
122,107,1,988050480
67,147,1,988075740
67,9,1,988076280
67,9,1,988076280
147,67,1,988076640
147,48,1,988076640
147,50,1,988076640
147,9,1,988076640
147,67,1,988076640
147,48,1,988076640
147,50,1,988076640
147,9,1,988076640
61,49,1,988080420
61,125,1,988080420
61,25,1,988080420
61,40,1,988080420
67,9,1,988081260
75,57,1,988081980
9,67,1,988082580
76,142,1,988085520
76,136,1,988085520
67,76,1,988086420
114,63,1,988089120
53,54,1,988089834
53,107,1,988089834
53,107,1,988089834
122,122,1,988092484
122,122,1,988092586
49,73,1,988095180
75,11,1,988096740
73,69,1,988096920
73,69,1,988096920
73,49,1,988097160
76,57,1,988098600
57,57,1,988098951
75,76,1,988099320
142,136,1,988099440
52,52,1,988099980
52,52,1,988099980
52,52,1,988099980
52,52,1,988099980
49,73,1,988099980
40,59,1,988101060
40,21,1,988101060
40,26,1,988101060
40,17,1,988101060
40,37,1,988101060
40,61,1,988101060
40,25,1,988101060
40,49,1,988101060
40,146,1,988101060
73,69,1,988104840
73,69,1,988104840
60,98,1,988105242
48,13,1,988108020
75,11,1,988108260
75,38,1,988108260
75,11,1,988108260
75,38,1,988108260
73,73,1,988110300
73,73,1,988110300
75,11,1,988111260
75,38,1,988111260
75,11,1,988111260
75,38,1,988111260
122,78,1,988111417
73,73,1,988112520
73,73,1,988112520
73,69,1,988113420
73,69,1,988113420
73,69,1,988113420
61,49,1,988116420
61,125,1,988116420
61,25,1,988116420
61,40,1,988116420
76,57,1,988116659
111,104,1,988121400
111,102,1,988121400
111,91,1,988121400
111,104,1,988121400
111,91,1,988121400
111,104,1,988121400
111,104,1,988121400
111,102,1,988121400
111,91,1,988121400
111,104,1,988121400
111,91,1,988121400
111,104,1,988121400
114,63,1,988125120
74,137,1,988125452
73,73,1,988131540
73,73,1,988131540
73,73,1,988131540
73,73,1,988131540
52,52,1,988157460
52,52,1,988157460
52,52,1,988159500
52,52,1,988159500
9,67,1,988161300
9,147,1,988161300
9,50,1,988161300
9,48,1,988161300
9,67,1,988161300
9,147,1,988161300
9,50,1,988161300
9,48,1,988161300
114,81,1,988161480
114,81,1,988161480
17,97,1,988163820
17,1,1,988163820
73,69,1,988166880
136,57,1,988168200
75,11,1,988171080
67,147,1,988171440
67,147,1,988171440
73,69,1,988172100
73,69,1,988172100
73,69,1,988172100
73,69,1,988172100
73,69,1,988172100
73,69,1,988172100
67,50,1,988173660
9,57,1,988175460
9,67,1,988175460
9,147,1,988175460
9,50,1,988175460
9,48,1,988175460
52,52,1,988176360
52,52,1,988176360
147,67,1,988176780
147,67,1,988176780
147,67,1,988176780
147,67,1,988176780
142,136,1,988179120
142,136,1,988179120
61,61,1,988179600
61,61,1,988179600
73,69,1,988179720
61,61,1,988180200
61,61,1,988180200
67,9,1,988180560
147,67,1,988181100
147,67,1,988181100
67,50,1,988181700
67,50,1,988181760
67,9,1,988181940
86,115,1,988184700
86,115,1,988184700
86,115,1,988184700
151,73,1,988186140
151,73,1,988186140
86,149,1,988186620
111,104,1,988188360
111,44,1,988188360
111,91,1,988188360
111,102,1,988188360
57,57,1,988189129
147,67,1,988189560
147,67,1,988189560
147,67,1,988189560
147,67,1,988189560
48,78,1,988189920
67,9,1,988190280
73,151,1,988192080
73,69,1,988192080
73,69,1,988192080
73,151,1,988192080
73,69,1,988192080
73,69,1,988192080
9,67,1,988192500
9,67,1,988192500
48,13,1,988192560
149,148,1,988192680
16,27,1,988193340
67,9,1,988195020
50,67,1,988196700
50,67,1,988196700
114,81,1,988197480
114,81,1,988197480
52,136,1,988197720
52,27,1,988197720
73,69,1,988197720
50,67,1,988198920
50,67,1,988198920
123,54,1,988200493
123,54,1,988200493
49,2,1,988201230
49,141,1,988201230
49,70,1,988201230
49,19,1,988201230
49,137,1,988201230
49,137,1,988201230
49,141,1,988203594
49,2,1,988203594
49,70,1,988203594
49,19,1,988203594
53,44,1,988211558
53,38,1,988213738
53,44,1,988213738
53,44,1,988213738
61,61,1,988215600
61,61,1,988215600
61,61,1,988216200
61,61,1,988216200
52,27,1,988218120
52,27,1,988218120
73,73,1,988222020
73,73,1,988222020
111,104,1,988224360
111,44,1,988224360
111,91,1,988224360
111,102,1,988224360
86,115,1,988235100
149,138,1,988246440
149,138,1,988246440
67,147,1,988250700
67,147,1,988252380
67,147,1,988252380
69,73,1,988256100
73,69,1,988256700
73,69,1,988257540
76,136,1,988259520
73,73,1,988259700
73,73,1,988259700
11,75,1,988259880
11,38,1,988259880
11,38,1,988259880
149,1,1,988261320
149,130,1,988261320
149,97,1,988261320
149,87,1,988261320
149,133,1,988261320
149,132,1,988261320
73,69,1,988261620
73,69,1,988265340
73,69,1,988265340
73,69,1,988265340
40,40,1,988266960
40,40,1,988266960
147,67,1,988268880
147,50,1,988268880
147,9,1,988268880
147,50,1,988268880
147,9,1,988268880
147,67,1,988268880
147,50,1,988268880
147,9,1,988268880
147,50,1,988268880
147,9,1,988268880
53,54,1,988269113
53,54,1,988269113
135,52,1,988272120
73,73,1,988272600
73,73,1,988272600
69,73,1,988273140
69,73,1,988273140
49,141,1,988275045
49,2,1,988275045
49,70,1,988275045
49,19,1,988275045
49,137,1,988275045
49,137,1,988275045
52,135,1,988276440
73,49,1,988276680
52,135,1,988276740
52,52,1,988276740
52,135,1,988276740
52,52,1,988276740
53,69,1,988277211
73,73,1,988277460
73,73,1,988277460
73,151,1,988278540
66,32,1,988278780
66,32,1,988278780
66,32,1,988278780
66,32,1,988278780
66,32,1,988278780
66,32,1,988278780
73,73,1,988280160
73,73,1,988280160
48,13,1,988280700
44,33,1,988281120
73,69,1,988281120
137,141,1,988281227
137,70,1,988281227
73,69,1,988281720
73,69,1,988281720
73,69,1,988281720
73,69,1,988281900
52,135,1,988284180
49,141,1,988292479
49,2,1,988292479
49,137,1,988292479
49,70,1,988292479
49,70,1,988294853
17,26,1,988296720
17,146,1,988297200
17,40,1,988297200
17,37,1,988297200
17,61,1,988297200
17,25,1,988297200
17,49,1,988297200
17,1,1,988297380
17,97,1,988297380
74,137,1,988299417
44,33,1,988317120
52,135,1,988329120
135,52,1,988331880
69,73,1,988331880
66,68,1,988332540
52,135,1,988336620
52,27,1,988337400
73,69,1,988339680
73,69,1,988339680
73,73,1,988339740
73,73,1,988339740
73,69,1,988339860
142,136,1,988340220
61,61,1,988340940
61,61,1,988340940
61,61,1,988341060
61,61,1,988341060
32,66,1,988341480
32,66,1,988341480
125,61,1,988342800
61,125,1,988343340
63,114,1,988344420
63,102,1,988344420
63,96,1,988344420
63,102,1,988344420
63,96,1,988344420
142,136,1,988344720
73,69,1,988345860
61,125,1,988345920
48,13,1,988347000
61,25,1,988349940
69,107,1,988351740
40,33,1,988352040
40,33,1,988352100
73,69,1,988352400
11,75,1,988353540
11,75,1,988353540
11,75,1,988353720
11,75,1,988353720
70,141,1,988356052
70,2,1,988356052
70,19,1,988356052
70,70,1,988356052
70,70,1,988356052
73,69,1,988357440
69,73,1,988357560
114,110,1,988357680
114,110,1,988357680
9,57,1,988358220
9,67,1,988358220
9,147,1,988358220
9,50,1,988358220
9,48,1,988358220
44,44,1,988358700
52,135,1,988359240
76,142,1,988359780
76,136,1,988359780
151,73,1,988361700
151,69,1,988361700
151,73,1,988361700
151,69,1,988361700
52,135,1,988362000
73,69,1,988362300
86,115,1,988363440
86,87,1,988363440
86,115,1,988363440
86,87,1,988363440
86,115,1,988363440
86,87,1,988363440
48,136,1,988364280
48,27,1,988364280
48,136,1,988364280
48,27,1,988364280
69,107,1,988365900
69,54,1,988365900
73,69,1,988368060
73,69,1,988368060
73,69,1,988368060
73,69,1,988368300
114,63,1,988369440
73,69,1,988370220
73,69,1,988370220
73,69,1,988370220
68,141,1,988372241
68,3,1,988372241
68,3,1,988372241
151,73,1,988373520
151,69,1,988373520
151,73,1,988373520
151,69,1,988373520
151,73,1,988373520
151,69,1,988373520
151,73,1,988373520
151,69,1,988373520
59,71,1,988373966
151,73,1,988374300
151,69,1,988374300
151,73,1,988374300
151,69,1,988374300
61,61,1,988376940
61,61,1,988376940
61,61,1,988377060
61,61,1,988377060
61,125,1,988379340
107,107,1,988379520
63,114,1,988380420
63,102,1,988380420
63,96,1,988380420
63,102,1,988380420
63,96,1,988380420
63,114,1,988380420
63,102,1,988380420
63,96,1,988380420
63,102,1,988380420
63,96,1,988380420
63,114,1,988380420
63,102,1,988380420
63,96,1,988380420
63,102,1,988380420
63,96,1,988380420
63,114,1,988380420
63,102,1,988380420
63,96,1,988380420
63,102,1,988380420
63,96,1,988380420
61,125,1,988381920
61,25,1,988385940
69,107,1,988387740
114,110,1,988393680
114,110,1,988393680
44,44,1,988394700
114,63,1,988405440
114,63,1,988405440
87,115,1,988407180
87,86,1,988407180
86,115,1,988413840
86,87,1,988413840
73,151,1,988437480
73,73,1,988438020
73,73,1,988438020
73,73,1,988466100
73,73,1,988466100
73,73,1,988466100
73,73,1,988466100
27,147,1,988517400
27,147,1,988517400
52,52,1,988523460
52,52,1,988523460
85,143,1,988549200
73,73,1,988566420
73,73,1,988566420
73,73,1,988566420
73,73,1,988566420
85,87,1,988577880
85,138,1,988577880
114,128,1,988597260
44,104,1,988597860
27,147,1,988598460
142,11,1,988601400
142,146,1,988601400
142,11,1,988601400
142,146,1,988601400
75,76,1,988602480
27,27,1,988607580
27,27,1,988607580
11,75,1,988611840
11,75,1,988611840
50,67,1,988612800
50,67,1,988612800
151,129,1,988613940
151,129,1,988613940
151,129,1,988613940
151,129,1,988613940
142,136,1,988615560
71,17,1,988617286
71,17,1,988617286
54,107,1,988618080
73,151,1,988622580
38,75,1,988622700
38,75,1,988622700
136,76,1,988623900
71,71,1,988624368
48,13,1,988624800
50,57,1,988625700
50,67,1,988625700
50,147,1,988625700
50,48,1,988625700
50,9,1,988625700
150,107,1,988626000
33,17,1,988626840
151,73,1,988627440
151,69,1,988627440
85,87,1,988628280
85,138,1,988628280
53,66,1,988628705
53,107,1,988629066
53,78,1,988629066
53,54,1,988629066
53,107,1,988629285
53,107,1,988629285
67,147,1,988630380
52,135,1,988630560
53,78,1,988631413
73,151,1,988632780
114,128,1,988633260
44,104,1,988633860
71,21,1,988637663
107,38,1,988638222
107,96,1,988638222
107,126,1,988638222
107,103,1,988638222
107,44,1,988638222
107,101,1,988638222
107,39,1,988638222
107,113,1,988638222
107,38,1,988638222
107,96,1,988638222
107,126,1,988638222
107,103,1,988638222
107,44,1,988638222
107,101,1,988638222
107,39,1,988638222
107,113,1,988638222
74,16,1,988641077
137,141,1,988645120
137,2,1,988645120
137,19,1,988645120
137,70,1,988645120
137,49,1,988645120
137,32,1,988645120
127,129,1,988649940
127,129,1,988649940
107,38,1,988656180
107,96,1,988656180
107,44,1,988656180
107,101,1,988656180
107,39,1,988656180
107,113,1,988656180
59,21,1,988656960
59,97,1,988656960
151,69,1,988672320
151,69,1,988672320
151,69,1,988672320
151,69,1,988672320
87,115,1,988674240
87,86,1,988674240
