523,449,1247392999
2388,523,1247393019
2388,8701,1247393019
523,449,1247393019
523,8701,1247393019
449,8701,1247393019
449,8701,1247393039
2388,523,1247393059
2388,449,1247393059
2388,2481,1247393059
523,2481,1247393059
449,8701,1247393059
8701,2481,1247393059
2388,2481,1247393079
2388,2481,1247393099
2388,2481,1247393119
2388,2481,1247393159
2388,523,1247393179
2388,2481,1247393199
2388,2481,1247393219
2388,2481,1247393239
2388,2481,1247393259
2388,2481,1247393279
2388,2481,1247393339
2388,2481,1247393359
2388,2481,1247393399
2388,2481,1247393419
523,8701,1247393439
2388,2481,1247393459
2388,2481,1247393559
2388,2481,1247393579
2388,2481,1247393599
449,8701,1247393599
449,8701,1247393619
2388,2481,1247393639
2388,2481,1247393659
10163,6839,1247393659
10163,6839,1247393699
2388,2481,1247393759
2388,2481,1247393779
2388,2481,1247393799
10163,6839,1247393819
449,8701,1247393919
10163,6839,1247393999
10163,6839,1247394019
6568,5326,1247394039
10163,6839,1247394039
449,8701,1247394039
10163,6839,1247394059
449,8701,1247394059
2388,2481,1247394079
10163,6839,1247394079
6454,5326,1247394099
6454,5799,1247394099
6454,9556,1247394099
6568,5799,1247394099
6568,111,1247394099
9556,5326,1247394099
9556,5799,1247394099
10163,6839,1247394099
5799,5326,1247394099
2388,2481,1247394119
6454,5326,1247394119
6454,5799,1247394119
9556,5799,1247394119
10163,6839,1247394119
5799,5326,1247394119
6454,9556,1247394139
10163,6839,1247394139
6454,9556,1247394159
6568,111,1247394159
9556,5799,1247394159
6454,5799,1247394179
6454,9556,1247394179
9556,5799,1247394179
10163,6839,1247394179
10163,6839,1247394199
670,199,1247394199
6568,111,1247394219
2716,670,1247394219
670,199,1247394219
6568,111,1247394239
2716,670,1247394239
2716,199,1247394239
523,449,1247394239
6454,9556,1247394259
6568,111,1247394259
9556,5799,1247394259
2716,670,1247394259
2716,199,1247394259
670,199,1247394259
523,449,1247394259
2388,2481,1247394279
6454,5799,1247394279
6568,111,1247394279
9556,5799,1247394279
2716,670,1247394279
5799,5326,1247394279
2388,2481,1247394299
6454,5799,1247394299
6454,9556,1247394299
9556,5799,1247394299
6454,6568,1247394319
6454,9556,1247394319
6568,111,1247394319
523,449,1247394319
523,8701,1247394319
449,8701,1247394319
2388,2481,1247394339
6568,111,1247394339
2716,670,1247394339
523,8701,1247394339
2388,2481,1247394359
6568,111,1247394359
2716,670,1247394359
2388,2481,1247394379
6454,5799,1247394379
6454,9556,1247394379
6568,111,1247394379
2716,670,1247394379
2388,2481,1247394399
6454,9556,1247394399
6568,111,1247394399
523,8701,1247394399
2388,2481,1247394419
6454,5326,1247394419
6454,5799,1247394419
6454,9556,1247394419
9556,5799,1247394419
2716,670,1247394419
2388,2481,1247394439
6454,5799,1247394439
6454,9556,1247394439
2716,670,1247394439
523,8701,1247394439
6454,5326,1247394459
6454,9556,1247394459
2716,670,1247394459
5799,5326,1247394459
2388,2481,1247394479
6454,5326,1247394479
6454,9556,1247394479
9556,5799,1247394479
2716,670,1247394479
523,8701,1247394479
5799,5326,1247394479
2388,2481,1247394499
6454,9556,1247394499
9556,5799,1247394499
5799,5326,1247394499
2388,2481,1247394519
6454,5326,1247394519
6454,9556,1247394519
6568,111,1247394519
9556,5799,1247394519
523,449,1247394519
523,8701,1247394519
449,8701,1247394519
2388,2481,1247394539
6454,5326,1247394539
6454,5799,1247394539
6454,9556,1247394539
9556,5799,1247394539
523,449,1247394539
523,8701,1247394539
2388,2481,1247394559
6454,5799,1247394559
6454,9556,1247394559
6568,111,1247394559
9556,5326,1247394559
449,8701,1247394559
5799,5326,1247394559
2388,2481,1247394579
6454,5326,1247394579
6454,9556,1247394579
5799,5326,1247394579
6454,5326,1247394599
6454,9556,1247394599
6568,111,1247394599
5799,5326,1247394599
6454,9556,1247394619
6568,111,1247394619
9556,5799,1247394619
523,449,1247394619
523,8701,1247394619
449,8701,1247394619
6454,5799,1247394639
6454,9556,1247394639
9556,5799,1247394639
6454,5326,1247394659
6454,5799,1247394659
6454,9556,1247394659
5799,5326,1247394659
6454,5326,1247394679
6454,5799,1247394679
6454,9556,1247394679
5799,5326,1247394679
6454,9556,1247394699
6454,5799,1247394699
449,8701,1247394699
5799,5326,1247394699
6454,5326,1247394719
6454,5799,1247394719
6454,9556,1247394719
449,8701,1247394719
2388,2481,1247394739
6454,5326,1247394739
6454,5799,1247394739
6568,111,1247394739
2388,2481,1247394759
6454,5326,1247394759
6454,5799,1247394759
6568,111,1247394759
5799,5326,1247394759
6454,5799,1247394779
5799,5326,1247394779
2388,2481,1247394799
6454,5799,1247394799
2388,2481,1247394819
6454,5799,1247394819
6568,111,1247394819
5799,5326,1247394819
2388,2481,1247394839
6454,5799,1247394839
6568,111,1247394839
6568,2716,1247394839
2388,2481,1247394859
6454,5326,1247394859
6454,5799,1247394859
6568,111,1247394859
6568,2716,1247394859
523,449,1247394859
449,8701,1247394859
2388,2481,1247394879
449,8701,1247394879
2388,2481,1247394899
6454,9556,1247394899
523,449,1247394899
449,8701,1247394899
2388,2481,1247394919
6454,9556,1247394919
6568,2716,1247394919
9556,5326,1247394919
449,8701,1247394919
2388,2481,1247394939
6454,9556,1247394939
6568,2716,1247394939
449,8701,1247394939
2388,2481,1247394959
6454,9556,1247394959
6568,111,1247394959
2388,2481,1247394979
6454,9556,1247394979
6568,111,1247394979
9556,5799,1247394979
2388,2481,1247394999
6568,111,1247394999
523,8701,1247394999
449,8701,1247394999
6454,9556,1247395019
6568,111,1247395019
2388,2481,1247395039
6454,9556,1247395039
6568,111,1247395039
2388,6454,1247395059
2388,2481,1247395059
6454,2481,1247395059
6829,7716,1247395059
2388,6454,1247395079
2388,2481,1247395079
2388,5799,1247395079
199,670,1247395079
523,449,1247395079
523,8701,1247395079
449,8701,1247395079
6829,7716,1247395079
2388,2481,1247395099
670,199,1247395099
523,449,1247395099
670,199,1247395119
523,449,1247395119
523,449,1247395139
2388,2481,1247395159
2388,2481,1247395179
2388,2481,1247395199
2388,2481,1247395219
10556,7716,1247395219
6454,9556,1247395239
2388,2481,1247395259
6829,7716,1247395259
2388,2481,1247395279
6829,7716,1247395279
6454,5326,1247395299
6454,9556,1247395299
6829,7716,1247395299
6454,5326,1247395319
6829,7716,1247395319
5799,5326,1247395319
2388,2481,1247395339
6829,7716,1247395339
6829,7716,1247395359
2388,2716,1247395399
2716,2481,1247395399
2388,2481,1247395419
6454,9556,1247395419
6829,7716,1247395419
2388,2481,1247395439
9556,5799,1247395439
6829,7716,1247395439
6568,111,1247395459
6568,111,1247395479
9556,5799,1247395479
2716,670,1247395479
6829,7716,1247395479
6829,10556,1247395479
9556,5799,1247395499
2716,670,1247395499
199,670,1247395499
9556,5799,1247395519
670,199,1247395519
523,8701,1247395519
6829,7716,1247395519
9556,5799,1247395539
670,199,1247395539
6829,7716,1247395539
523,8701,1247395559
6829,7716,1247395559
523,8701,1247395579
449,8701,1247395579
6829,7716,1247395579
6568,111,1247395599
523,8701,1247395599
449,8701,1247395599
523,8701,1247395619
523,449,1247395639
523,8701,1247395639
449,8701,1247395639
6829,7716,1247395639
6568,111,1247395659
523,8701,1247395659
449,8701,1247395659
523,8701,1247395679
449,8701,1247395679
523,449,1247395699
523,8701,1247395699
6829,7716,1247395699
6454,9556,1247395719
2716,670,1247395719
523,449,1247395719
523,8701,1247395719
449,8701,1247395719
6454,9556,1247395739
2716,670,1247395739
523,8701,1247395739
449,8701,1247395739
6829,7716,1247395739
6454,5326,1247395759
523,449,1247395759
523,8701,1247395759
449,8701,1247395759
6829,7716,1247395759
523,449,1247395779
523,8701,1247395779
449,8701,1247395779
523,449,1247395799
523,8701,1247395799
6829,7716,1247395799
6454,5799,1247395819
523,449,1247395819
523,8701,1247395819
6829,7716,1247395819
523,449,1247395839
449,8701,1247395839
6829,10556,1247395859
6568,111,1247395879
6829,7716,1247395879
6568,111,1247395899
523,449,1247395899
449,8701,1247395899
523,449,1247395919
523,449,1247395939
449,8701,1247395959
6829,7716,1247395959
6568,199,1247395979
9786,9622,1247395979
523,449,1247395979
6829,7716,1247395979
6454,5799,1247395999
523,449,1247395999
9786,9622,1247396019
523,449,1247396019
2716,670,1247396039
523,449,1247396039
523,8701,1247396039
449,8701,1247396039
9786,9622,1247396059
523,8701,1247396059
449,8701,1247396059
6568,111,1247396079
9786,9622,1247396079
6829,7716,1247396079
6568,111,1247396099
2716,670,1247396099
6829,7716,1247396099
6147,10613,1247396099
6147,10613,1247396119
6568,111,1247396119
6147,10613,1247396139
9786,9622,1247396139
449,8701,1247396139
6568,111,1247396139
6568,111,1247396159
2716,670,1247396159
9786,9622,1247396159
523,8701,1247396159
6829,7716,1247396159
449,8701,1247396179
6829,7716,1247396179
111,6568,1247396179
9786,9622,1247396199
523,449,1247396199
523,8701,1247396199
449,8701,1247396199
6568,111,1247396199
6568,111,1247396219
2716,670,1247396219
523,449,1247396219
523,8701,1247396219
449,8701,1247396219
6829,10556,1247396219
2716,670,1247396239
523,449,1247396239
523,8701,1247396239
449,8701,1247396239
6829,7716,1247396239
111,6568,1247396239
523,8701,1247396259
6829,10556,1247396259
6568,111,1247396259
523,8701,1247396279
2716,670,1247396299
523,8701,1247396299
2716,670,1247396319
523,8701,1247396319
449,8701,1247396339
2716,670,1247396359
2716,670,1247396379
2716,670,1247396399
9786,9622,1247396399
6147,10613,1247396399
6147,10613,1247396419
9786,9622,1247396439
9786,9622,1247396459
6454,5799,1247396479
6147,10613,1247396479
6454,5799,1247396519
6147,10613,1247396519
6454,5799,1247396539
6454,7716,1247396539
6147,10613,1247396539
9556,6829,1247396539
6829,7716,1247396539
6454,7716,1247396559
6454,9556,1247396579
2716,670,1247396579
6454,9556,1247396599
2716,670,1247396599
6454,5799,1247396619
6454,5799,1247396639
6568,9786,1247396639
2716,9786,1247396639
2716,670,1247396659
6147,10613,1247396659
6454,5799,1247396679
6454,9556,1247396679
6454,5799,1247396699
6454,9556,1247396699
6147,10613,1247396719
6454,9556,1247396739
6454,9556,1247396759
9556,5326,1247396759
6454,9556,1247396779
9786,9622,1247396779
6147,10613,1247396779
6454,5799,1247396799
6454,9556,1247396799
9556,5799,1247396799
2716,670,1247396799
9786,9622,1247396799
6454,9556,1247396819
9556,5799,1247396819
9786,9622,1247396819
6454,9556,1247396839
9786,9622,1247396839
6454,5799,1247396859
9556,5799,1247396859
9556,5799,1247396879
9786,9622,1247396899
9786,9622,1247396919
9786,9622,1247396939
6147,10613,1247396939
9786,9622,1247396959
6454,9556,1247397019
9556,5326,1247397019
6454,9556,1247397039
523,8701,1247397039
6147,10613,1247397039
6454,9556,1247397059
5799,6568,1247397079
6454,9556,1247397099
6454,5799,1247397139
6454,9556,1247397139
6147,10613,1247397159
6454,9556,1247397179
6147,10613,1247397179
6454,5799,1247397199
6147,10613,1247397199
6454,5799,1247397219
6147,10613,1247397219
6454,5326,1247397239
6454,5799,1247397239
6454,9556,1247397239
9556,5326,1247397239
9556,5799,1247397239
523,8701,1247397239
5799,5326,1247397239
9556,5326,1247397259
9556,5799,1247397259
5799,5326,1247397259
523,449,1247397479
2716,670,1247397519
449,8701,1247397579
2716,670,1247397639
449,8701,1247397639
8701,449,1247397659
8701,449,1247397679
2716,670,1247397699
449,8701,1247397699
6803,509,1247397699
509,6803,1247397719
670,2716,1247397719
2716,670,1247397739
670,2716,1247397759
2716,670,1247397779
670,2716,1247397799
2716,670,1247397819
509,6803,1247397819
670,2716,1247397839
509,6803,1247397859
670,2716,1247397859
449,8701,1247397859
6568,111,1247397879
2716,670,1247397879
509,6803,1247397879
8701,449,1247397879
6568,523,1247397899
670,2716,1247397899
449,8701,1247397899
6568,111,1247397919
6568,523,1247397919
2716,670,1247397919
509,4731,1247397919
509,6803,1247397919
523,7716,1247397919
449,8701,1247397919
6568,111,1247397939
670,2716,1247397939
2716,670,1247397959
509,6803,1247397959
2716,670,1247397979
509,10880,1247397979
509,6803,1247397979
449,8701,1247397979
6829,7716,1247397979
6803,7716,1247397979
6803,8701,1247397979
6568,111,1247397999
2716,670,1247397999
509,10880,1247397999
509,8701,1247397999
2716,670,1247398019
449,8701,1247398019
6829,7716,1247398019
509,10880,1247398019
509,6803,1247398019
10880,6803,1247398019
6568,111,1247398039
2716,670,1247398039
8701,449,1247398039
670,6829,1247398039
6829,7716,1247398039
1551,1634,1247398039
1634,7883,1247398039
10880,6803,1247398039
10556,7716,1247398039
509,6803,1247398039
670,2716,1247398059
1551,7883,1247398059
1551,1634,1247398059
670,2716,1247398079
7883,1634,1247398079
1551,1634,1247398079
6803,509,1247398079
2716,670,1247398099
1551,7883,1247398099
1551,1634,1247398099
1634,7883,1247398099
509,10880,1247398099
10880,6803,1247398099
2716,670,1247398119
509,10880,1247398119
509,6803,1247398119
1551,7883,1247398119
1551,1634,1247398119
1634,7883,1247398119
10880,6803,1247398119
509,6803,1247398139
670,2716,1247398139
7883,1551,1247398139
7883,1634,1247398139
1634,1551,1247398139
10880,6803,1247398139
2716,670,1247398159
1551,1634,1247398159
2716,670,1247398179
7883,1551,1247398179
10880,509,1247398179
2716,670,1247398199
1551,7883,1247398199
509,6803,1247398219
670,2716,1247398219
1551,1634,1247398219
10880,6803,1247398219
2716,670,1247398239
1551,7883,1247398239
1551,1634,1247398239
1551,7883,1247398259
1551,1634,1247398259
1634,7883,1247398259
7883,1551,1247398279
7883,1634,1247398279
1551,1634,1247398279
1551,1634,1247398299
509,10880,1247398319
449,523,1247398319
523,449,1247398339
1551,1634,1247398339
1634,7883,1247398339
523,449,1247398359
1551,7883,1247398359
1634,7883,1247398359
523,449,1247398379
1551,7883,1247398379
1551,1634,1247398379
1634,7883,1247398379
7883,1551,1247398399
7883,1634,1247398399
1551,1634,1247398399
523,449,1247398419
7883,1551,1247398419
7883,1634,1247398419
523,449,1247398439
523,449,1247398459
1551,7883,1247398459
1634,7883,1247398479
449,523,1247398519
1551,7883,1247398519
509,6803,1247398539
509,6803,1247398559
509,6803,1247398579
449,523,1247398579
7883,1551,1247398579
509,6803,1247398599
6568,111,1247398599
509,8701,1247398619
509,6803,1247398619
523,449,1247398619
6568,111,1247398619
523,449,1247398639
509,6803,1247398659
4731,1634,1247398659
523,449,1247398659
7883,1634,1247398659
6568,111,1247398679
509,6803,1247398699
4731,1634,1247398699
1551,7883,1247398699
1551,1634,1247398699
1634,7883,1247398699
523,449,1247398719
1551,7883,1247398719
1634,7883,1247398719
523,449,1247398739
449,523,1247398759
1551,7883,1247398759
3229,10559,1247398759
509,6803,1247398799
6568,111,1247398799
3229,10559,1247398799
523,449,1247398819
6568,111,1247398819
1551,7883,1247398859
523,449,1247398879
523,449,1247398899
523,449,1247398919
10559,3229,1247398919
449,523,1247398939
9619,6451,1247398939
10559,3229,1247398939
6803,509,1247398939
6451,9619,1247398959
509,6803,1247398959
6451,670,1247398979
6451,9619,1247398979
6568,111,1247398979
509,6803,1247398979
6451,9619,1247398999
6451,670,1247399019
6451,9619,1247399019
1551,1634,1247399019
1634,7883,1247399039
509,1551,1247399059
509,6803,1247399059
1551,6803,1247399059
1551,1634,1247399059
1634,7883,1247399079
2480,1910,1247399099
6451,9619,1247399119
6451,9619,1247399139
1551,1634,1247399139
1634,7883,1247399139
6451,9619,1247399159
1910,2480,1247399159
6451,9619,1247399179
2480,1910,1247399179
1551,1634,1247399179
8701,523,1247399199
449,523,1247399199
1910,2480,1247399199
1551,7883,1247399199
6451,9619,1247399219
1551,7883,1247399219
6451,9619,1247399239
7883,1551,1247399239
1551,1634,1247399239
6451,9619,1247399259
1551,1634,1247399259
6451,9619,1247399279
6451,9619,1247399299
7883,1634,1247399299
6451,9619,1247399319
6451,9619,1247399339
6451,9619,1247399359
1551,1634,1247399379
1551,1634,1247399399
7883,1551,1247399419
1551,1634,1247399419
1551,1634,1247399439
2480,1910,1247399459
1551,1634,1247399459
449,8701,1247399479
1551,1634,1247399479
3229,10559,1247399479
7883,1634,1247399499
6451,9619,1247399539
7883,1634,1247399539
6451,9619,1247399559
1551,1634,1247399559
6451,9619,1247399579
7883,2480,1247399579
1910,2480,1247399579
6451,9619,1247399599
1551,7883,1247399599
1551,1634,1247399599
1634,7883,1247399599
1551,1634,1247399619
1634,7883,1247399619
6451,9619,1247399639
6451,9619,1247399659
9785,7714,1247399659
6451,9619,1247399679
9785,7714,1247399679
670,7714,1247399679
9785,7714,1247399699
670,7714,1247399699
1910,2480,1247399739
6451,9619,1247399759
1910,2480,1247399759
6451,9619,1247399779
1910,2480,1247399779
6451,9619,1247399799
6451,9619,1247399819
1910,2480,1247399819
670,5325,1247399839
2480,1910,1247399859
670,5325,1247399859
670,5325,1247399879
670,5325,1247399899
3229,10559,1247399899
6451,9619,1247399919
6451,9619,1247399939
670,5325,1247399939
1910,2480,1247399939
10559,3229,1247399939
2480,1910,1247399959
6451,9619,1247399979
670,5325,1247399979
6451,9619,1247399999
2480,1910,1247399999
670,5325,1247399999
6451,9619,1247400019
670,5325,1247400019
449,4731,1247400019
1910,2480,1247400019
6451,9619,1247400039
670,5325,1247400039
6451,9619,1247400059
670,5325,1247400059
1910,2480,1247400059
6451,9619,1247400079
670,5325,1247400079
6451,9619,1247400099
670,5325,1247400099
670,5325,1247400119
449,8701,1247400119
6451,9619,1247400139
670,5325,1247400139
449,8701,1247400139
6451,9619,1247400159
670,5325,1247400159
449,8701,1247400159
6451,9619,1247400179
670,5325,1247400179
670,5325,1247400239
6451,9619,1247400279
670,7714,1247400279
1910,2480,1247400279
6451,9619,1247400299
670,7714,1247400299
1910,2480,1247400299
523,8701,1247400339
2717,5798,1247400359
2717,2498,1247400359
523,8701,1247400359
6451,9619,1247400379
2717,5798,1247400379
2717,2498,1247400379
5798,2498,1247400379
2717,5798,1247400399
2717,2498,1247400399
5798,2498,1247400399
1910,2480,1247400399
2717,2498,1247400419
523,8701,1247400419
1910,2480,1247400419
523,8701,1247400439
1910,2480,1247400439
9553,9619,1247400459
523,8701,1247400459
1910,2480,1247400459
1910,2480,1247400479
9619,6451,1247400479
1910,2480,1247400499
9619,6451,1247400499
6451,9619,1247400519
2717,2498,1247400519
6451,9619,1247400539
5798,2498,1247400539
670,5325,1247400539
670,7714,1247400539
5325,7714,1247400539
5325,670,1247400559
9619,6451,1247400559
449,523,1247400579
449,1910,1247400579
5325,670,1247400579
5060,10455,1247400579
9619,6451,1247400579
1910,2480,1247400579
2717,2498,1247400599
5060,10455,1247400599
5060,10455,1247400619
9619,6451,1247400619
2717,2498,1247400639
5325,7714,1247400639
670,7714,1247400639
2717,2498,1247400659
5325,7714,1247400659
9619,6451,1247400659
670,7714,1247400659
2717,2498,1247400679
5325,7714,1247400679
9619,6451,1247400679
2717,2498,1247400699
2498,10455,1247400699
5325,7714,1247400699
5060,10455,1247400699
9619,6451,1247400699
670,7714,1247400699
2717,2498,1247400719
9210,10599,1247400719
5325,7714,1247400719
5060,10455,1247400719
9619,6451,1247400719
670,7714,1247400719
10559,3229,1247400719
2717,2498,1247400739
2535,9210,1247400739
9210,10599,1247400739
5325,7714,1247400739
670,7714,1247400739
2717,2498,1247400759
9210,10599,1247400759
5325,7714,1247400759
9619,6451,1247400759
670,7714,1247400759
2717,2498,1247400779
2535,9210,1247400779
9210,2498,1247400779
2498,10599,1247400779
5325,7714,1247400779
670,7714,1247400779
10455,7714,1247400779
2717,2498,1247400799
6159,4780,1247400799
6159,9586,1247400799
5325,670,1247400799
5060,10455,1247400799
2717,2498,1247400819
9210,2535,1247400819
9210,10599,1247400819
5325,670,1247400819
9619,6451,1247400819
2717,2498,1247400839
5325,670,1247400839
10610,2480,1247400839
2717,2498,1247400859
9210,2498,1247400859
5325,670,1247400859
10610,2480,1247400859
5060,670,1247400859
9619,6451,1247400859
5558,7139,1247400859
5558,86,1247400859
10559,3229,1247400859
7139,86,1247400859
2717,2498,1247400879
9210,2535,1247400879
9210,10599,1247400879
5325,670,1247400879
551,4780,1247400879
551,2933,1247400879
9619,6451,1247400879
5558,7139,1247400879
2933,4780,1247400899
2933,551,1247400899
9210,10599,1247400899
5798,2498,1247400899
2717,2498,1247400919
9210,10599,1247400919
5325,670,1247400919
9619,6451,1247400919
6689,7643,1247400919
9586,6159,1247400919
551,8062,1247400919
5558,7139,1247400919
8062,7139,1247400919
2717,2498,1247400939
6159,7139,1247400939
6159,9586,1247400939
9210,10599,1247400939
5325,670,1247400939
9619,6451,1247400939
9586,86,1247400939
2717,5798,1247400959
2717,7643,1247400959
6159,7139,1247400959
6159,551,1247400959
5325,670,1247400959
5060,10455,1247400959
9619,6451,1247400959
6689,7643,1247400959
551,8062,1247400959
2535,10599,1247400959
746,5293,1247400959
2717,5798,1247400979
2717,2498,1247400979
6159,7139,1247400979
6159,9586,1247400979
2498,551,1247400979
5325,670,1247400979
5060,10455,1247400979
9619,6451,1247400979
6689,7643,1247400979
551,8062,1247400979
5558,7139,1247400979
5558,86,1247400979
2535,10599,1247400979
7139,86,1247400979
2717,2498,1247400999
9210,2498,1247400999
9210,551,1247400999
5325,670,1247400999
9619,6451,1247400999
551,4780,1247400999
551,8062,1247400999
5558,7139,1247400999
4780,10599,1247400999
2717,2498,1247401019
2717,551,1247401019
9210,10599,1247401019
5798,551,1247401019
5325,670,1247401019
9619,6451,1247401019
6689,7643,1247401019
551,8062,1247401019
5558,7139,1247401019
2717,2498,1247401039
9210,10599,1247401039
5798,4780,1247401039
5798,8062,1247401039
5798,551,1247401039
5325,670,1247401039
9619,6451,1247401039
6689,7643,1247401039
551,8062,1247401039
5558,7139,1247401039
4780,8062,1247401039
2717,4780,1247401059
2717,2498,1247401059
2717,551,1247401059
2717,5798,1247401059
9210,7139,1247401059
9210,5558,1247401059
9210,10599,1247401059
9210,2535,1247401059
5798,2498,1247401059
5325,670,1247401059
9619,6451,1247401059
6689,7643,1247401059
551,10455,1247401059
551,8062,1247401059
2933,10455,1247401059
5558,7139,1247401059
5558,10599,1247401059
4780,8062,1247401059
2492,2398,1247401059
8062,10455,1247401059
7139,10599,1247401059
2717,2498,1247401079
9210,7139,1247401079
9210,6159,1247401079
9210,10599,1247401079
9210,2535,1247401079
5325,670,1247401079
551,10455,1247401079
551,8062,1247401079
5558,7139,1247401079
2535,10599,1247401079
4780,8062,1247401079
2492,2398,1247401079
9210,2535,1247401099
9210,10599,1247401099
5325,670,1247401099
9619,6451,1247401099
551,4780,1247401099
551,2933,1247401099
4780,8062,1247401099
2492,2398,1247401099
2717,5798,1247401119
9210,10599,1247401119
5798,2498,1247401119
6689,7643,1247401119
551,4780,1247401119
551,2933,1247401119
2933,8062,1247401119
2717,5798,1247401139
2717,2498,1247401139
9210,2535,1247401139
9210,10599,1247401139
5798,2498,1247401139
5325,670,1247401139
9619,6451,1247401139
551,670,1247401139
551,2933,1247401139
2492,2398,1247401139
2717,5798,1247401159
2717,2498,1247401159
9210,2535,1247401159
5798,2498,1247401159
2498,5558,1247401159
5325,670,1247401159
5325,551,1247401159
5325,4780,1247401159
6689,10599,1247401159
551,7139,1247401159
551,4780,1247401159
2492,2398,1247401159
2717,5558,1247401179
2717,2498,1247401179
9210,2535,1247401179
5798,2498,1247401179
2498,7139,1247401179
2498,5558,1247401179
5325,4780,1247401179
5325,551,1247401179
5325,670,1247401179
6689,7643,1247401179
9586,5558,1247401179
551,4780,1247401179
7139,86,1247401179
2492,2398,1247401179
8062,2933,1247401179
2717,2498,1247401199
2717,2933,1247401199
2717,86,1247401199
9210,2535,1247401199
9210,7643,1247401199
2498,86,1247401199
2498,551,1247401199
5325,670,1247401199
5060,10455,1247401199
5060,551,1247401199
9619,6451,1247401199
551,670,1247401199
4780,8062,1247401199
2717,4780,1247401219
9210,2535,1247401219
5798,551,1247401219
5325,670,1247401219
551,4780,1247401219
10559,3229,1247401219
10455,4780,1247401219
2492,2398,1247401219
7139,86,1247401219
2717,2498,1247401239
2498,551,1247401239
9619,6451,1247401239
6689,7643,1247401239
551,4780,1247401239
1910,2480,1247401239
5558,7139,1247401239
4780,10455,1247401239
9210,7643,1247401259
5325,670,1247401259
5060,4780,1247401259
9619,6451,1247401259
6689,7643,1247401259
551,4780,1247401259
5558,7139,1247401259
10455,4780,1247401259
2492,2398,1247401259
7139,86,1247401259
2717,2498,1247401279
2717,551,1247401279
9210,10599,1247401279
2498,5060,1247401279
2498,551,1247401279
5325,670,1247401279
5060,4780,1247401279
551,10455,1247401279
551,4780,1247401279
5558,86,1247401279
10455,4780,1247401279
2492,2398,1247401279
7139,86,1247401279
9210,10599,1247401299
5325,670,1247401299
5060,10455,1247401299
5060,4780,1247401299
6689,7643,1247401299
670,1910,1247401299
4780,10455,1247401299
2717,2498,1247401319
9210,2535,1247401319
9210,5060,1247401319
9210,10599,1247401319
5325,670,1247401319
5325,1910,1247401319
551,2933,1247401319
670,1910,1247401319
6148,2717,1247401339
2717,5798,1247401339
2717,2498,1247401339
5060,10455,1247401339
551,10455,1247401339
551,2933,1247401339
670,2480,1247401339
10559,3229,1247401339
4780,10455,1247401339
2492,2398,1247401339
2717,5798,1247401359
2717,2498,1247401359
746,5293,1247401359
9210,2535,1247401359
9210,10599,1247401359
5325,670,1247401359
5060,10455,1247401359
5558,7139,1247401359
10559,3229,1247401359
2717,2498,1247401379
5325,670,1247401379
5558,7139,1247401379
746,5293,1247401379
4780,10599,1247401379
2492,2398,1247401379
2717,2498,1247401399
9210,551,1247401399
9210,4780,1247401399
5325,670,1247401399
9586,6159,1247401399
551,4780,1247401399
551,8062,1247401399
2492,2398,1247401399
6159,7139,1247401399
6159,86,1247401399
2717,2498,1247401419
6159,86,1247401419
9210,2535,1247401419
9210,8062,1247401419
9210,551,1247401419
5798,7714,1247401419
5325,670,1247401419
551,4780,1247401419
551,10599,1247401419
10559,3229,1247401419
2717,2498,1247401439
6159,7139,1247401439
9210,551,1247401439
2498,3229,1247401439
5325,670,1247401439
6689,7643,1247401439
551,4780,1247401439
551,10599,1247401439
670,2480,1247401439
10559,3229,1247401439
6159,7139,1247401459
6159,2498,1247401459
9210,2535,1247401459
9210,10599,1247401459
9210,551,1247401459
5325,670,1247401459
551,4780,1247401459
551,10599,1247401459
551,2933,1247401459
5558,7139,1247401459
10559,3229,1247401459
2717,2498,1247401479
6159,7139,1247401479
9210,551,1247401479
5558,7139,1247401479
4780,10599,1247401479
2492,2398,1247401479
9210,2933,1247401499
5060,7714,1247401499
4780,10599,1247401499
5060,7714,1247401519
551,8062,1247401519
746,10599,1247401519
746,5293,1247401519
4780,2933,1247401519
4780,8062,1247401519
2717,551,1247401539
2717,8062,1247401539
2498,551,1247401539
2498,8062,1247401539
5060,10455,1247401539
6689,7643,1247401539
551,8062,1247401539
5558,3229,1247401539
5558,7139,1247401539
6159,7139,1247401539
2717,2498,1247401559
2717,8062,1247401559
5060,10455,1247401559
551,4780,1247401559
551,2933,1247401559
5558,7139,1247401559
4780,8062,1247401559
10455,7714,1247401559
9210,7714,1247401579
5325,670,1247401579
551,2933,1247401579
9210,10599,1247401599
9210,7714,1247401599
5325,670,1247401599
5060,10455,1247401599
551,2933,1247401599
9210,10599,1247401619
9210,7714,1247401619
5325,670,1247401619
5060,10455,1247401619
5060,2933,1247401619
6689,7643,1247401619
551,8062,1247401619
5558,7139,1247401619
2492,2398,1247401619
9210,746,1247401639
9210,7714,1247401639
6689,7643,1247401639
5558,7139,1247401639
746,5293,1247401639
2717,5798,1247401659
9210,746,1247401659
9210,7714,1247401659
9210,2535,1247401659
5325,670,1247401659
6689,7643,1247401659
5558,7139,1247401659
5558,86,1247401659
2492,2398,1247401659
746,7714,1247401659
746,5293,1247401659
2398,7714,1247401659
7139,86,1247401659
6159,5558,1247401679
6159,86,1247401679
9210,746,1247401679
9210,10599,1247401679
9210,7714,1247401679
9210,2535,1247401679
5325,670,1247401679
5060,10455,1247401679
6689,7643,1247401679
5558,7139,1247401679
7139,86,1247401679
4780,8062,1247401679
746,7714,1247401679
2398,7714,1247401679
6159,7139,1247401699
6159,4780,1247401699
5325,670,1247401699
5060,10455,1247401699
5558,7139,1247401699
7139,4780,1247401699
2398,7714,1247401699
7714,3229,1247401699
9210,10599,1247401719
9210,5293,1247401719
9210,2398,1247401719
5325,670,1247401719
9619,5558,1247401719
551,86,1247401719
5558,7139,1247401719
7139,4780,1247401719
7139,8062,1247401719
2398,7714,1247401719
7714,10599,1247401719
5325,670,1247401739
5060,10455,1247401739
6689,7643,1247401739
551,86,1247401739
5558,7139,1247401739
10559,3229,1247401739
2535,10599,1247401759
5325,670,1247401759
9619,7139,1247401759
9619,6451,1247401759
9619,5558,1247401759
6689,7643,1247401759
5558,7139,1247401759
7139,4780,1247401759
7139,6451,1247401759
2492,2398,1247401759
86,6451,1247401759
5325,670,1247401779
6689,7643,1247401779
551,8062,1247401779
5558,6159,1247401779
10559,3229,1247401779
6159,7139,1247401799
6159,5558,1247401799
6159,86,1247401799
5325,10455,1247401799
5325,670,1247401799
9619,6451,1247401799
551,8062,1247401799
670,10455,1247401799
5558,7139,1247401799
2398,10599,1247401799
9210,7714,1247401819
9210,2398,1247401819
9586,6159,1247401819
551,8062,1247401819
670,4731,1247401819
5558,6159,1247401819
3995,9883,1247401819
2398,10599,1247401819
6159,86,1247401819
7714,10599,1247401819
6159,7139,1247401839
6159,5558,1247401839
6159,9586,1247401839
6159,86,1247401839
3995,9883,1247401839
2492,2398,1247401839
5325,670,1247401859
551,8062,1247401859
6159,7139,1247401879
5325,670,1247401899
6689,7643,1247401899
9553,10455,1247401899
9553,2480,1247401899
5558,86,1247401899
2535,10599,1247401919
9619,6451,1247401919
6689,7643,1247401919
6689,2398,1247401919
9553,2480,1247401919
2492,2398,1247401919
10455,2480,1247401919
2535,10599,1247401939
9210,10599,1247401939
5060,2480,1247401939
9619,6451,1247401939
6689,7643,1247401939
551,8062,1247401939
4731,3995,1247401939
5558,7139,1247401939
5558,6159,1247401939
10455,2480,1247401939
6159,7139,1247401939
2717,5798,1247401959
2717,8062,1247401959
5798,2498,1247401959
2498,670,1247401959
5325,670,1247401959
5060,2480,1247401959
9619,6451,1247401959
2717,5325,1247401979
2717,670,1247401979
2717,2498,1247401979
2498,670,1247401979
5325,670,1247401979
5060,10455,1247401979
551,4780,1247401979
670,4780,1247401979
2535,9210,1247401999
9210,10599,1247401999
5325,670,1247401999
5060,10455,1247401999
2717,2498,1247402019
9619,6451,1247402019
6689,7643,1247402019
9553,4780,1247402019
551,2933,1247402019
2717,5798,1247402039
2717,2498,1247402039
551,2933,1247402039
1910,2480,1247402039
5558,7139,1247402039
9619,6451,1247402059
551,2933,1247402059
5558,7139,1247402059
3995,9883,1247402059
2717,5798,1247402079
10610,7139,1247402079
10610,6451,1247402079
2535,2498,1247402099
2535,9210,1247402099
9210,2498,1247402099
10610,7139,1247402099
10610,6451,1247402099
5558,6159,1247402099
7139,6159,1247402099
6159,5558,1247402119
6159,10610,1247402119
2498,4780,1247402119
10610,7139,1247402119
5060,10455,1247402119
551,4780,1247402119
5558,7139,1247402119
5798,2498,1247402139
5060,10455,1247402139
5060,7139,1247402139
5060,86,1247402139
5060,6159,1247402139
2717,551,1247402159
9210,5325,1247402159
5798,2498,1247402159
5558,7139,1247402159
5558,6159,1247402159
2492,2398,1247402159
2717,9553,1247402179
5798,2498,1247402179
9619,6451,1247402179
5558,7139,1247402179
2492,2398,1247402179
8062,10455,1247402179
8062,10599,1247402179
5798,2498,1247402199
6689,7643,1247402199
9553,551,1247402199
6159,7139,1247402199
3995,9883,1247402199
6159,5558,1247402219
5798,2498,1247402219
2498,551,1247402219
6689,7643,1247402219
9553,551,1247402219
3995,9883,1247402219
2492,2398,1247402219
2717,2498,1247402239
2498,551,1247402239
6689,7643,1247402239
5558,6159,1247402239
6159,86,1247402239
2717,2498,1247402259
9619,6451,1247402259
6689,7643,1247402259
551,2933,1247402259
1910,2480,1247402259
7139,2480,1247402259
2717,2498,1247402279
2498,2398,1247402279
5325,670,1247402279
6689,7643,1247402279
1910,2480,1247402279
2717,670,1247402299
2717,2498,1247402299
2717,2492,1247402299
2717,2398,1247402299
2498,670,1247402299
2498,2398,1247402299
5325,551,1247402299
9619,6451,1247402299
5558,7139,1247402299
5558,6159,1247402299
2492,2398,1247402299
2717,2498,1247402319
5325,670,1247402319
9619,6451,1247402319
551,2933,1247402319
5558,7139,1247402319
4780,2398,1247402319
2717,2498,1247402339
2498,10610,1247402339
9619,6451,1247402339
10559,3229,1247402339
2717,2498,1247402359
2717,551,1247402359
2498,8062,1247402359
5325,7714,1247402359
9619,6451,1247402359
551,8062,1247402359
2933,4780,1247402359
6159,86,1247402359
2717,2498,1247402379
2717,8062,1247402379
9586,7139,1247402379
551,2933,1247402379
4780,8062,1247402379
2717,2498,1247402399
9586,7139,1247402399
9586,86,1247402399
7139,86,1247402399
746,5293,1247402399
2717,2498,1247402419
9619,6451,1247402419
551,4780,1247402419
3995,9883,1247402419
7139,86,1247402419
3995,9883,1247402439
5798,2498,1247402459
5325,670,1247402459
9586,86,1247402459
551,8062,1247402459
3995,9883,1247402459
746,5293,1247402459
9619,6451,1247402479
551,8062,1247402479
670,2398,1247402479
5558,7139,1247402479
3995,9883,1247402479
746,5293,1247402479
9690,55,1247402479
9690,6076,1247402479
9690,1563,1247402479
9690,8627,1247402479
6076,8627,1247402479
6076,55,1247402479
6076,1563,1247402479
55,8627,1247402479
8627,55,1247402499
8627,6076,1247402499
8627,1563,1247402499
8627,9690,1247402499
5558,7139,1247402499
9690,55,1247402499
9690,6076,1247402499
6076,55,1247402499
6076,1563,1247402499
2717,2498,1247402519
5325,670,1247402519
5558,7139,1247402519
5558,86,1247402519
3995,9883,1247402519
9690,1563,1247402519
6076,55,1247402519
6076,8627,1247402519
8627,55,1247402539
8627,6076,1247402539
1910,2480,1247402539
10559,3229,1247402539
3995,9883,1247402539
2492,2398,1247402539
9690,55,1247402539
6076,55,1247402539
551,8062,1247402559
3995,9883,1247402559
2492,2398,1247402559
2717,2498,1247402579
5325,670,1247402579
8627,6076,1247402579
7139,86,1247402579
2492,2398,1247402579
6076,1563,1247402579
2492,2398,1247402599
746,5293,1247402599
9690,9883,1247402599
6076,1563,1247402599
2498,551,1247402619
5325,670,1247402619
551,4780,1247402619
2492,2398,1247402619
10455,9785,1247402619
551,4780,1247402639
2492,2398,1247402639
10455,9785,1247402639
2498,551,1247402659
5325,670,1247402659
9586,7139,1247402659
6076,1563,1247402659
1563,55,1247402659
2717,5798,1247402679
2717,2498,1247402679
5798,2498,1247402679
5325,670,1247402679
551,746,1247402679
5558,86,1247402679
4780,8062,1247402679
2492,2398,1247402679
2717,2498,1247402699
5798,2498,1247402699
5325,670,1247402699
3995,9883,1247402699
3995,9690,1247402699
9690,9883,1247402699
55,8627,1247402699
5798,2498,1247402719
551,3995,1247402719
670,9690,1247402719
9690,9883,1247402719
6076,8627,1247402719
55,8627,1247402719
5798,2498,1247402739
8627,6076,1247402739
551,4780,1247402739
3995,9690,1247402739
2492,2398,1247402739
6076,55,1247402739
5798,2498,1247402759
5325,670,1247402759
8627,55,1247402759
8627,6076,1247402759
551,4780,1247402759
6159,86,1247402759
6076,55,1247402759
5798,2498,1247402779
5325,670,1247402779
8627,55,1247402779
8627,1563,1247402779
551,8062,1247402779
670,7139,1247402779
9690,9883,1247402779
2398,9785,1247402779
5325,670,1247402799
8627,6076,1247402799
551,7139,1247402799
551,6076,1247402799
3995,9883,1247402799
3995,9690,1247402799
1563,55,1247402799
5325,670,1247402819
670,7139,1247402819
1910,2480,1247402819
9690,9883,1247402819
6076,8627,1247402819
6076,1563,1247402819
670,7139,1247402839
7139,6159,1247402839
6076,55,1247402839
6076,1563,1247402839
1563,55,1247402839
5798,2498,1247402859
5325,670,1247402859
8627,1563,1247402859
551,670,1247402859
670,4780,1247402859
6076,1563,1247402859
1563,55,1247402859
5798,746,1247402879
5325,670,1247402879
8627,1563,1247402879
551,4780,1247402879
670,4780,1247402879
10818,4404,1247402879
10818,4404,1247402899
6076,1563,1247402899
1563,55,1247402899
2717,2498,1247402919
5325,670,1247402919
551,670,1247402919
551,4780,1247402919
670,6159,1247402919
670,7139,1247402919
5558,7139,1247402919
2492,2398,1247402919
1563,55,1247402919
2717,2498,1247402939
5558,7139,1247402939
5558,6159,1247402939
6076,1563,1247402939
1563,55,1247402939
2717,2498,1247402959
6159,7139,1247402959
6159,86,1247402959
5325,670,1247402959
9586,86,1247402959
551,1910,1247402959
551,2398,1247402959
10818,4404,1247402959
6076,8627,1247402959
6159,9586,1247402979
6159,86,1247402979
9586,86,1247402979
9586,5558,1247402979
551,2933,1247402979
551,8062,1247402979
551,2398,1247402979
2933,8062,1247402979
5558,7139,1247402979
10559,3229,1247402979
3995,9883,1247402979
2398,8062,1247402979
8627,55,1247402999
8627,6076,1247402999
551,2933,1247402999
551,2398,1247402999
10559,2480,1247402999
10559,86,1247402999
7139,2480,1247402999
2535,10599,1247403019
551,2398,1247403019
10559,86,1247403019
7139,86,1247403019
6076,8627,1247403019
1563,55,1247403019
55,8627,1247403019
1563,55,1247403039
2717,2498,1247403059
5060,10455,1247403059
2492,2398,1247403059
5798,2498,1247403079
5060,10455,1247403079
551,2933,1247403079
6076,55,1247403079
6076,1563,1247403079
6076,8627,1247403079
2535,10599,1247403099
551,2933,1247403099
551,8062,1247403099
6076,8627,1247403099
6076,1563,1247403099
55,8627,1247403099
551,2933,1247403119
2933,8062,1247403119
2398,8627,1247403119
7714,10599,1247403119
2498,6076,1247403139
2535,10599,1247403139
6076,55,1247403139
7714,10599,1247403139
2933,4780,1247403159
2535,10599,1247403159
2492,2398,1247403159
6076,1563,1247403159
1563,55,1247403159
2498,55,1247403179
2535,10599,1247403179
551,8062,1247403179
2933,8062,1247403179
2933,4780,1247403179
4780,8062,1247403179
2492,2398,1247403179
2717,2498,1247403199
2498,55,1247403199
2498,9785,1247403199
551,8062,1247403199
10818,4404,1247403199
2535,10599,1247403199
10455,7714,1247403199
2492,2398,1247403199
6076,55,1247403199
2717,2498,1247403219
551,4780,1247403219
551,8062,1247403219
2933,3995,1247403219
3995,9690,1247403219
6076,55,1247403219
10599,5293,1247403219
2535,10599,1247403239
551,9690,1247403239
3995,9690,1247403239
6076,55,1247403239
8062,4404,1247403239
9210,2535,1247403259
2498,8627,1247403259
10818,4404,1247403259
3995,9883,1247403259
6076,55,1247403259
2498,8627,1247403279
9660,3971,1247403279
2933,4780,1247403279
2933,8062,1247403279
4780,8062,1247403279
3995,9883,1247403279
2717,2498,1247403299
2498,8627,1247403299
2498,1563,1247403299
2498,6076,1247403299
9660,3971,1247403299
2933,4780,1247403299
2933,8062,1247403299
4780,8062,1247403299
3995,9690,1247403299
9690,9883,1247403299
6076,1563,1247403299
9210,10599,1247403319
9660,3971,1247403319
2717,2498,1247403339
2535,10599,1247403339
9210,10599,1247403339
3995,9690,1247403339
1812,943,1247403339
2717,1563,1247403359
2717,5798,1247403359
2717,2498,1247403359
5798,2498,1247403359
2498,55,1247403359
3995,9690,1247403359
9690,9883,1247403359
1812,943,1247403359
2717,1563,1247403379
2717,5798,1247403379
2717,2498,1247403379
746,7714,1247403379
5798,1563,1247403379
5798,2498,1247403379
9660,3971,1247403379
3971,943,1247403379
6076,8627,1247403379
1812,943,1247403379
2717,5798,1247403399
9660,3971,1247403399
746,7714,1247403399
6076,8627,1247403399
1563,8627,1247403399
1812,943,1247403399
2717,5798,1247403419
2717,2498,1247403419
746,7714,1247403419
9210,10599,1247403419
5798,2498,1247403419
9660,3971,1247403419
9660,943,1247403419
9660,1812,1247403419
3971,943,1247403419
1563,55,1247403419
1812,943,1247403419
2717,2498,1247403439
9660,943,1247403439
9660,1812,1247403439
9660,3971,1247403439
3971,943,1247403439
746,7714,1247403439
6076,55,1247403439
6076,1563,1247403439
1563,55,1247403439
1812,943,1247403439
2717,2498,1247403459
746,5293,1247403459
9660,943,1247403459
9660,3971,1247403459
3971,943,1247403459
6076,55,1247403459
6076,8627,1247403459
1563,55,1247403459
7714,8627,1247403459
1812,943,1247403459
2717,2498,1247403479
5060,10455,1247403479
9660,943,1247403479
9660,3971,1247403479
3971,943,1247403479
746,5293,1247403479
1812,943,1247403479
2717,2498,1247403499
5060,10455,1247403499
5060,6076,1247403499
9660,943,1247403499
3971,943,1247403499
1563,55,1247403499
1812,943,1247403499
2717,5798,1247403519
2717,2498,1247403519
5060,10455,1247403519
9660,943,1247403519
3971,943,1247403519
6076,8627,1247403519
1563,55,1247403519
1563,8627,1247403519
1812,943,1247403519
2717,5798,1247403539
2717,2498,1247403539
9210,10599,1247403539
9660,943,1247403539
9660,3971,1247403539
3971,943,1247403539
6076,55,1247403539
6076,1563,1247403539
1812,943,1247403539
2717,2498,1247403559
5060,10455,1247403559
9660,943,1247403559
3971,943,1247403559
3971,1812,1247403559
10818,4404,1247403559
1563,8627,1247403559
1812,943,1247403559
2717,2498,1247403579
9210,10599,1247403579
9660,943,1247403579
3971,943,1247403579
55,8627,1247403579
1812,943,1247403579
2717,2498,1247403599
9210,10599,1247403599
9660,943,1247403599
9660,3971,1247403599
9660,1812,1247403599
3971,943,1247403599
3971,1812,1247403599
3995,9883,1247403599
55,8627,1247403599
1812,943,1247403599
2717,2498,1247403619
9210,10599,1247403619
9660,943,1247403619
9660,1812,1247403619
9660,3971,1247403619
3971,943,1247403619
3971,1812,1247403619
2535,10599,1247403619
1563,8627,1247403619
1812,943,1247403619
9210,10599,1247403639
9660,3971,1247403639
9660,1812,1247403639
9660,943,1247403639
3971,943,1247403639
3971,1812,1247403639
6076,55,1247403639
6076,8627,1247403639
55,8627,1247403639
1812,943,1247403639
3971,943,1247403659
3971,1812,1247403659
6076,55,1247403659
6076,8627,1247403659
1563,8627,1247403659
1812,943,1247403659
9660,943,1247403679
9660,3971,1247403679
3971,943,1247403679
1812,943,1247403679
6160,9586,1247403699
6160,7644,1247403699
6160,1953,1247403699
1953,7644,1247403699
9586,7644,1247403699
9660,3971,1247403699
3995,9883,1247403699
1812,943,1247403699
6160,7644,1247403719
1953,7644,1247403719
9585,7644,1247403719
3995,9883,1247403719
7714,943,1247403719
1812,943,1247403719
9660,3971,1247403739
7644,6160,1247403739
3995,9883,1247403739
7714,943,1247403739
2535,10599,1247403759
9210,943,1247403759
9210,10599,1247403759
9210,7714,1247403759
9660,3971,1247403759
3995,9883,1247403759
1563,55,1247403759
7714,943,1247403759
1812,943,1247403759
943,10599,1247403759
6160,7644,1247403779
9210,10599,1247403779
9660,3971,1247403779
3995,9883,1247403779
7714,943,1247403779
7714,1812,1247403779
1812,943,1247403779
2535,9210,1247403799
9210,7714,1247403799
5332,3230,1247403799
5332,7139,1247403799
5060,10455,1247403799
9660,3971,1247403799
7644,6160,1247403799
3995,9883,1247403799
7714,943,1247403799
1812,943,1247403799
6160,7644,1247403819
9210,2535,1247403819
9210,10599,1247403819
5332,3230,1247403819
9660,3971,1247403819
3995,9883,1247403819
7714,943,1247403819
1812,943,1247403819
6160,7644,1247403839
9210,10599,1247403839
5060,10455,1247403839
9660,3971,1247403839
7145,3230,1247403839
3995,9690,1247403839
4404,10599,1247403839
2535,10599,1247403859
9210,10599,1247403859
9660,3971,1247403859
7644,6160,1247403859
3995,9690,1247403859
9210,10599,1247403879
5332,3230,1247403879
5332,7644,1247403879
9660,3971,1247403879
7644,6160,1247403879
7644,3230,1247403879
3995,9883,1247403879
3995,9690,1247403879
9690,9883,1247403879
6160,7644,1247403899
9210,10599,1247403899
5060,943,1247403899
9554,10599,1247403899
9660,3971,1247403899
2535,10599,1247403899
3995,9690,1247403899
9690,9883,1247403899
9660,3971,1247403919
7644,6160,1247403919
3995,9883,1247403919
3995,4404,1247403919
3995,9690,1247403919
3230,7145,1247403919
9690,9883,1247403919
1563,55,1247403919
9660,3971,1247403939
7644,6160,1247403939
3995,9690,1247403939
9690,4404,1247403939
6076,8627,1247403939
6076,55,1247403939
1563,55,1247403939
6160,7145,1247403959
6160,7644,1247403959
5332,7145,1247403959
9660,3971,1247403959
8627,6076,1247403959
3995,9883,1247403959
3995,9690,1247403959
6076,1563,1247403959
6076,55,1247403959
1563,55,1247403959
6160,7644,1247403979
5332,7145,1247403979
5332,3230,1247403979
9585,943,1247403979
9660,3971,1247403979
10818,4404,1247403979
7145,3230,1247403979
3995,9883,1247403979
3995,10599,1247403979
3995,9690,1247403979
6076,8627,1247403979
943,4404,1247403979
5332,7145,1247403999
5332,3230,1247403999
9585,943,1247403999
9660,3971,1247403999
7644,6160,1247403999
7145,3230,1247403999
3995,9883,1247403999
746,5293,1247403999
6076,8627,1247403999
5332,3230,1247404019
5060,10455,1247404019
9585,943,1247404019
7145,3230,1247404019
8627,6076,1247404019
5332,3230,1247404039
5332,7145,1247404039
9660,3971,1247404039
746,5293,1247404039
7145,3230,1247404039
6160,7644,1247404059
9660,943,1247404059
7644,3230,1247404059
2535,10599,1247404059
3995,10599,1247404059
5332,7145,1247404079
5060,10455,1247404079
9660,3971,1247404079
9660,943,1247404079
7644,3230,1247404079
7644,6160,1247404079
6160,7644,1247404099
5332,7145,1247404099
5332,3230,1247404099
9660,3971,1247404099
3230,7145,1247404099
1812,943,1247404099
6160,7145,1247404119
6160,7644,1247404119
9210,10599,1247404119
5332,7145,1247404119
5332,7644,1247404119
9660,3971,1247404119
4781,3230,1247404119
3995,9690,1247404119
746,3230,1247404119
746,10599,1247404119
3230,7145,1247404119
3230,10599,1247404119
5663,552,1247404119
2535,746,1247404139
2535,10599,1247404139
2535,9210,1247404139
2535,5293,1247404139
9210,10599,1247404139
9210,5293,1247404139
9210,746,1247404139
5332,7145,1247404139
5332,6160,1247404139
5332,7644,1247404139
552,5663,1247404139
7644,6160,1247404139
3971,9660,1247404139
6160,7145,1247404139
746,10599,1247404139
746,5293,1247404139
7145,3230,1247404139
10599,5293,1247404139
6160,7644,1247404159
9210,746,1247404159
9210,5293,1247404159
5332,3230,1247404159
5060,10455,1247404159
552,5663,1247404159
3971,943,1247404159
3971,9660,1247404159
2535,746,1247404159
2535,5293,1247404159
7145,3230,1247404159
746,5293,1247404159
9660,1812,1247404159
6160,7644,1247404179
5060,9660,1247404179
9660,3971,1247404179
7644,4781,1247404179
6160,7644,1247404199
5060,9660,1247404199
9660,3971,1247404199
4781,5663,1247404199
6076,1563,1247404199
5663,552,1247404199
1812,943,1247404199
6160,7644,1247404219
552,5663,1247404219
1812,943,1247404219
6160,7644,1247404239
5060,10455,1247404239
5060,3971,1247404239
5060,9660,1247404239
9660,10455,1247404239
9660,3971,1247404239
3995,9690,1247404239
5663,552,1247404239
6160,7644,1247404259
5060,10455,1247404259
5060,3971,1247404259
552,5663,1247404259
1812,943,1247404259
6160,7644,1247404279
5060,10455,1247404279
9554,4781,1247404279
552,5663,1247404279
3971,9660,1247404279
4781,943,1247404279
10455,9660,1247404279
6160,7644,1247404299
5332,3230,1247404299
5332,7145,1247404299
9660,10455,1247404299
9660,3971,1247404299
7145,3230,1247404299
5663,552,1247404299
1812,943,1247404299
6160,7644,1247404319
5332,7145,1247404319
5332,3230,1247404319
9660,3971,1247404319
1812,943,1247404319
6160,7644,1247404339
5332,3230,1247404339
5332,7145,1247404339
552,5663,1247404339
1812,943,1247404339
5332,3230,1247404359
1812,943,1247404359
6160,7644,1247404379
5332,3230,1247404379
5060,10455,1247404379
552,5663,1247404379
3995,9883,1247404379
10455,9660,1247404379
1812,943,1247404379
6160,7644,1247404399
5060,9660,1247404399
9660,3971,1247404399
1812,943,1247404399
6160,7644,1247404419
5332,3230,1247404419
5332,7145,1247404419
5060,10455,1247404419
5060,9660,1247404419
7145,3230,1247404419
1812,943,1247404419
6160,7644,1247404439
5332,3230,1247404439
9660,3971,1247404439
5663,552,1247404439
1812,943,1247404439
6160,7644,1247404459
9554,6076,1247404459
9660,3971,1247404459
5663,943,1247404459
5663,552,1247404459
552,943,1247404459
1812,943,1247404459
7644,6160,1247404479
5663,552,1247404479
5663,552,1247404499
5332,3230,1247404519
5663,4404,1247404519
5663,552,1247404519
2714,5797,1247404539
2714,2930,1247404539
6160,7644,1247404539
5797,2930,1247404539
5332,3230,1247404539
6076,1563,1247404539
5663,552,1247404539
552,4404,1247404539
2714,5797,1247404559
2714,2930,1247404559
5797,2493,1247404559
5060,10455,1247404559
8627,4781,1247404559
5663,552,1247404559
2714,2930,1247404579
6160,7644,1247404579
5797,2493,1247404579
5332,3230,1247404579
5332,7145,1247404579
5060,10455,1247404579
9660,3230,1247404579
9660,3971,1247404579
9660,7145,1247404579
3971,3230,1247404579
6076,55,1247404579
5663,7145,1247404579
5663,552,1247404579
1812,943,1247404579
943,8627,1247404579
2714,2930,1247404599
6160,7644,1247404599
5797,2493,1247404599
5797,552,1247404599
5060,10455,1247404599
8627,55,1247404599
8627,4404,1247404599
9620,5663,1247404599
9660,3971,1247404599
10818,4404,1247404599
6076,55,1247404599
5663,552,1247404599
1812,943,1247404599
2714,5663,1247404619
6160,7644,1247404619
5797,2493,1247404619
5332,3230,1247404619
5060,10455,1247404619
8627,55,1247404619
9660,3971,1247404619
10818,4404,1247404619
5663,552,1247404619
2714,2930,1247404639
5797,2493,1247404639
5060,10455,1247404639
552,5663,1247404639
3971,9660,1247404639
3230,7145,1247404639
6076,55,1247404639
55,8627,1247404639
6160,7644,1247404659
5797,2493,1247404659
5332,3230,1247404659
9660,3971,1247404659
6076,55,1247404659
1812,943,1247404659
6160,7644,1247404679
6160,1953,1247404679
5797,2493,1247404679
5797,2930,1247404679
5332,3230,1247404679
5060,10455,1247404679
8627,6076,1247404679
8627,3971,1247404679
9660,3971,1247404679
1812,943,1247404679
2714,5797,1247404699
2714,2930,1247404699
5797,2493,1247404699
5797,2930,1247404699
7644,6160,1247404699
6160,7145,1247404699
10455,219,1247404699
1812,943,1247404699
2714,5797,1247404719
2714,2930,1247404719
6160,7145,1247404719
5797,2493,1247404719
5797,2930,1247404719
5060,10455,1247404719
8627,4404,1247404719
55,4404,1247404719
2714,5797,1247404739
2714,2930,1247404739
6160,7145,1247404739
6160,7644,1247404739
5797,2493,1247404739
5797,2930,1247404739
9660,3971,1247404739
10818,4404,1247404739
7145,3230,1247404739
6076,55,1247404739
1563,55,1247404739
1812,943,1247404739
2714,5797,1247404759
2714,2930,1247404759
5797,2493,1247404759
5797,2930,1247404759
5797,9620,1247404759
5332,3230,1247404759
9660,3971,1247404759
7145,3230,1247404759
1812,943,1247404759
2714,5797,1247404779
6160,7644,1247404779
5797,2493,1247404779
5797,2930,1247404779
5060,10455,1247404779
9660,3971,1247404779
9620,10558,1247404779
3230,7145,1247404779
8104,4249,1247404779
6076,1563,1247404779
6076,8627,1247404779
2714,5797,1247404799
2714,2493,1247404799
2714,2930,1247404799
6160,7145,1247404799
6160,7644,1247404799
5797,2930,1247404799
2497,3230,1247404799
5060,10455,1247404799
9660,3971,1247404799
7644,3230,1247404799
2930,2493,1247404799
7145,3230,1247404799
8104,4249,1247404799
2714,5797,1247404819
2714,2930,1247404819
6160,7644,1247404819
5797,2930,1247404819
8627,1563,1247404819
8627,6076,1247404819
8627,55,1247404819
8627,4404,1247404819
9660,3971,1247404819
2493,4249,1247404819
2493,8104,1247404819
8104,4249,1247404819
6076,55,1247404819
1563,4404,1247404819
2714,5797,1247404839
2714,2930,1247404839
5797,2930,1247404839
5060,10455,1247404839
9660,4404,1247404839
7644,3230,1247404839
9620,10558,1247404839
3995,9690,1247404839
2493,8104,1247404839
8104,4249,1247404839
6076,8627,1247404839
6076,55,1247404839
1563,8627,1247404839
2714,5797,1247404859
2714,2930,1247404859
5797,2930,1247404859
5060,10455,1247404859
3995,9690,1247404859
6076,55,1247404859
1563,8627,1247404859
2714,5797,1247404879
2714,2930,1247404879
5797,2493,1247404879
5797,2930,1247404879
5060,10455,1247404879
9660,3971,1247404879
7145,3230,1247404879
6076,55,1247404879
1812,943,1247404879
2714,5797,1247404899
2714,2930,1247404899
5797,2930,1247404899
5797,9620,1247404899
5060,10455,1247404899
4781,4404,1247404899
3230,7145,1247404899
8104,4249,1247404899
6076,55,1247404899
7145,6287,1247404899
2714,2930,1247404919
6160,7145,1247404919
5797,2493,1247404919
5797,2930,1247404919
5060,10455,1247404919
9660,3971,1247404919
7644,3230,1247404919
4781,4404,1247404919
6076,55,1247404919
1812,943,1247404919
2714,5797,1247404939
2714,2493,1247404939
2714,2930,1247404939
5797,2493,1247404939
5797,2930,1247404939
5060,10455,1247404939
8627,3971,1247404939
8627,9660,1247404939
9660,3971,1247404939
9660,3995,1247404939
3971,3995,1247404939
2930,2493,1247404939
4781,4404,1247404939
6076,55,1247404939
1812,943,1247404939
943,4404,1247404939
2714,5797,1247404959
6160,7145,1247404959
6160,3230,1247404959
6160,7644,1247404959
5797,2493,1247404959
5797,2930,1247404959
5060,10455,1247404959
8627,3971,1247404959
8627,9660,1247404959
9660,3971,1247404959
2930,2493,1247404959
10818,4404,1247404959
4781,943,1247404959
7145,3230,1247404959
1812,943,1247404959
5797,2930,1247404979
9660,3971,1247404979
7644,3230,1247404979
3971,9690,1247404979
2930,2493,1247404979
9883,55,1247404979
1812,943,1247404979
6160,7644,1247404999
5060,10455,1247404999
2930,2493,1247404999
9620,4249,1247404999
3995,9690,1247404999
1812,943,1247404999
6160,943,1247405019
5797,2930,1247405019
5060,10455,1247405019
2930,2493,1247405019
3995,9690,1247405019
9690,9883,1247405019
1812,943,1247405019
2714,5797,1247405039
5797,2930,1247405039
5060,10455,1247405039
9620,1812,1247405039
6076,55,1247405039
1812,943,1247405039
2714,2930,1247405059
5797,943,1247405059
10609,943,1247405059
10609,1812,1247405059
2930,2493,1247405059
3995,9883,1247405079
6076,55,1247405079
1563,6287,1247405079
1812,943,1247405079
5332,3230,1247405099
9620,10558,1247405099
10818,4404,1247405099
7145,3230,1247405099
6076,55,1247405099
2714,2930,1247405119
6160,7644,1247405119
5332,7145,1247405119
5332,3230,1247405119
5060,10455,1247405119
8627,6076,1247405119
8627,4781,1247405119
4781,1563,1247405119
7145,3230,1247405119
6160,7644,1247405139
10609,3995,1247405139
5060,10455,1247405139
2930,2493,1247405139
3230,7145,1247405139
6076,55,1247405139
6076,8627,1247405139
6160,7644,1247405159
5332,3230,1247405159
5332,7145,1247405159
10609,6076,1247405159
10609,3995,1247405159
5060,10455,1247405159
2930,2493,1247405159
7145,3230,1247405159
6076,55,1247405159
6076,8627,1247405159
55,8627,1247405159
5797,2493,1247405179
5332,7145,1247405179
8627,6076,1247405179
2930,2493,1247405179
7145,3230,1247405179
2714,5797,1247405199
6160,7644,1247405199
5332,3230,1247405199
5332,7145,1247405199
2930,2493,1247405199
3230,7145,1247405199
8104,4249,1247405199
2714,5797,1247405219
6160,7644,1247405219
5332,3230,1247405219
5332,7145,1247405219
5060,10455,1247405219
2930,6076,1247405219
2930,2493,1247405219
7145,3230,1247405219
8104,4249,1247405219
6076,1563,1247405219
2714,5797,1247405239
5332,3230,1247405239
5332,7145,1247405239
5060,10455,1247405239
2930,6076,1247405239
7145,3230,1247405239
8104,4249,1247405239
6076,1563,1247405239
6076,55,1247405239
6287,3971,1247405239
6160,7644,1247405259
5332,7145,1247405259
5332,3230,1247405259
5060,10455,1247405259
9660,3971,1247405259
2930,8627,1247405259
2930,6076,1247405259
2930,2493,1247405259
2930,9690,1247405259
3995,9690,1247405259
3230,7145,1247405259
9690,8627,1247405259
8104,4249,1247405259
6076,8627,1247405259
6076,55,1247405259
55,8627,1247405259
5332,7145,1247405279
5332,4781,1247405279
10609,3971,1247405279
5060,10455,1247405279
9660,3971,1247405279
2930,8627,1247405279
2930,2493,1247405279
7145,3230,1247405279
3995,9883,1247405279
2493,8627,1247405279
8104,4249,1247405279
4194,4669,1247405299
5797,6076,1247405299
5332,7145,1247405299
5332,4781,1247405299
5060,10455,1247405299
9660,3971,1247405299
2930,2493,1247405299
4781,7145,1247405299
3995,9690,1247405299
2493,1563,1247405299
2493,6076,1247405299
6076,8627,1247405299
6076,1563,1247405299
5797,8627,1247405319
5797,6076,1247405319
5332,7145,1247405319
5332,4781,1247405319
5332,3230,1247405319
5060,10455,1247405319
10818,4404,1247405319
7145,4781,1247405319
7145,3230,1247405319
4781,3230,1247405319
2493,1563,1247405319
2493,6076,1247405319
2493,8627,1247405319
8104,4249,1247405319
6076,8627,1247405319
6076,1563,1247405319
5797,8627,1247405339
5332,7145,1247405339
5332,4781,1247405339
5332,3230,1247405339
9660,3971,1247405339
10818,4404,1247405339
4781,3230,1247405339
4781,7145,1247405339
2493,8627,1247405339
2493,6076,1247405339
3230,7145,1247405339
8104,4249,1247405339
6076,8627,1247405339
4194,4669,1247405359
1364,3637,1247405359
2714,5797,1247405359
5332,7145,1247405359
5332,4781,1247405359
5060,10455,1247405359
8627,2493,1247405359
1953,9660,1247405359
9660,3971,1247405359
2930,2493,1247405359
7145,3230,1247405359
7145,4781,1247405359
4781,3230,1247405359
4194,4669,1247405379
2714,1563,1247405379
2714,5797,1247405379
2714,2930,1247405379
5332,7145,1247405379
5332,4781,1247405379
5332,3230,1247405379
2930,8627,1247405379
2930,2493,1247405379
10818,4404,1247405379
7145,3230,1247405379
7145,4781,1247405379
4781,3230,1247405379
2493,8627,1247405379
2714,8627,1247405399
2714,5797,1247405399
5060,10455,1247405399
10818,4404,1247405399
8627,6076,1247405399
1364,3637,1247405419
5797,8627,1247405419
5060,10455,1247405419
2930,2493,1247405419
3995,9690,1247405419
2493,8627,1247405419
6076,8627,1247405419
1364,3637,1247405439
5060,10455,1247405439
2930,2493,1247405439
10818,4404,1247405439
6076,8627,1247405439
2714,5797,1247405459
2930,2493,1247405459
10818,4404,1247405459
3995,9690,1247405459
6076,8627,1247405459
282,8627,1247405459
2714,2493,1247405479
5797,2493,1247405479
10818,4404,1247405479
3995,9690,1247405479
6076,1563,1247405479
6076,55,1247405479
6076,8627,1247405479
1563,55,1247405479
4194,4669,1247405499
5797,6076,1247405499
5060,10455,1247405499
10818,4404,1247405499
3995,9690,1247405499
6076,8627,1247405499
6076,1563,1247405499
6076,55,1247405499
4194,4669,1247405519
4194,6774,1247405519
2714,2493,1247405519
5797,2493,1247405519
3995,4249,1247405519
6076,8627,1247405519
55,8627,1247405519
4194,503,1247405539
4194,4669,1247405539
3995,55,1247405539
3995,6287,1247405539
6076,55,1247405539
1563,55,1247405539
2714,5797,1247405559
2714,2930,1247405559
5797,2493,1247405559
5797,2930,1247405559
5060,10455,1247405559
10818,4404,1247405559
3995,9690,1247405559
6076,55,1247405559
6076,1563,1247405559
1563,55,1247405559
2714,5797,1247405579
5797,2930,1247405579
5060,10455,1247405579
10818,4404,1247405579
6076,55,1247405579
6076,1563,1247405579
6076,6287,1247405579
1563,55,1247405579
1563,8627,1247405579
55,6287,1247405579
55,8627,1247405579
6287,8627,1247405579
5797,2930,1247405599
5060,10455,1247405599
10818,4404,1247405599
3995,9883,1247405599
3995,9690,1247405599
2714,2930,1247405619
5797,2493,1247405619
10818,4404,1247405619
3995,9690,1247405619
9690,282,1247405619
1364,503,1247405639
2714,2493,1247405639
2714,2930,1247405639
503,3995,1247405639
503,9690,1247405639
2930,2493,1247405639
3995,9690,1247405639
9690,9883,1247405639
1364,503,1247405659
1364,3995,1247405659
1364,9690,1247405659
5060,10455,1247405659
9620,2493,1247405659
9620,10558,1247405659
1953,9585,1247405659
503,3995,1247405659
503,9690,1247405659
503,6774,1247405659
2930,2493,1247405659
3995,9690,1247405659
1364,503,1247405679
5060,10455,1247405679
9620,2493,1247405679
2930,2493,1247405679
9690,503,1247405679
8104,4249,1247405679
55,6287,1247405679
1364,503,1247405699
2714,2930,1247405699
5060,282,1247405699
10455,282,1247405699
9690,503,1247405699
6287,8627,1247405699
4194,4669,1247405719
9620,10558,1247405719
9690,503,1247405719
8104,4249,1247405719
55,8627,1247405719
9620,10558,1247405739
6287,8627,1247405739
6160,7644,1247405759
503,3637,1247405759
1364,9883,1247405779
2714,5797,1247405779
6160,7644,1247405779
10609,7644,1247405779
9690,9883,1247405779
4404,8627,1247405779
282,150,1247405779
2714,5797,1247405799
6160,7644,1247405799
5060,10455,1247405799
9690,9883,1247405799
6160,7644,1247405819
5060,10455,1247405819
8104,4249,1247405819
1364,10609,1247405839
6160,7644,1247405839
5060,10455,1247405839
1364,8104,1247405859
6160,7644,1247405859
5060,10455,1247405859
8104,4249,1247405859
6160,7644,1247405879
5060,10455,1247405879
5060,9554,1247405879
8104,4249,1247405879
2714,5797,1247405899
6160,7644,1247405899
10609,3637,1247405899
5060,10455,1247405899
5060,9554,1247405899
9620,8104,1247405899
9554,10455,1247405899
8104,4249,1247405899
6160,7644,1247405919
10609,3995,1247405919
5060,10455,1247405919
5060,9554,1247405919
8104,4249,1247405919
6160,7644,1247405939
10609,3995,1247405939
2930,2493,1247405939
10199,1532,1247405939
9690,9883,1247405939
8104,4249,1247405939
9554,10455,1247405959
2930,2493,1247405959
10199,1532,1247405959
8104,4249,1247405959
2714,5797,1247405979
6160,3637,1247405979
6160,7644,1247405979
9554,10455,1247405979
7644,3637,1247405979
2930,2493,1247405979
10199,1532,1247405979
8104,4249,1247405979
2714,5797,1247405999
6160,7644,1247405999
5060,10455,1247405999
2930,2493,1247405999
3995,9690,1247405999
8104,4249,1247405999
2714,5797,1247406019
6160,7644,1247406019
2930,2493,1247406019
10199,1532,1247406019
3995,9690,1247406019
6160,4249,1247406039
6160,7644,1247406039
2930,2493,1247406039
10199,1532,1247406039
10455,8104,1247406039
8104,4249,1247406039
6160,7644,1247406059
2930,2493,1247406059
8104,4249,1247406059
55,8627,1247406059
4194,4669,1247406079
2714,5797,1247406079
6160,7644,1247406079
5060,10455,1247406079
2930,2493,1247406079
8104,4249,1247406079
6287,8627,1247406079
2714,5797,1247406099
6160,7644,1247406099
9620,10558,1247406099
5060,10455,1247406099
2930,2493,1247406099
8104,4249,1247406099
2714,5797,1247406119
5060,10455,1247406119
9620,10558,1247406119
2930,2493,1247406119
2930,8104,1247406119
3995,9690,1247406119
2493,8104,1247406119
8104,4249,1247406119
2714,5797,1247406139
9620,10558,1247406139
5060,10455,1247406139
5060,7644,1247406139
2930,2493,1247406139
6287,8627,1247406139
2714,5797,1247406159
6160,7644,1247406159
2497,10455,1247406159
10609,3995,1247406159
5060,10455,1247406159
5060,9554,1247406159
9620,10558,1247406159
2930,2493,1247406159
3995,9690,1247406159
6287,8627,1247406159
2714,5797,1247406179
6160,7644,1247406179
5060,10455,1247406179
5060,9554,1247406179
7644,10455,1247406179
2930,2493,1247406179
8104,4249,1247406179
6287,8627,1247406179
2714,5797,1247406199
6160,7644,1247406199
9620,5797,1247406199
2497,10455,1247406199
5060,10455,1247406199
10199,1532,1247406199
55,8627,1247406199
55,6287,1247406199
6287,8627,1247406199
2714,5797,1247406219
6160,7644,1247406219
5060,10455,1247406219
10199,1532,1247406219
2714,5797,1247406239
5060,9554,1247406239
9554,10455,1247406239
1532,9883,1247406239
55,8627,1247406239
6287,8627,1247406239
2714,5797,1247406259
5060,9554,1247406259
5762,524,1247406259
3995,9690,1247406259
9690,9883,1247406259
6160,10455,1247406279
6160,7644,1247406279
5797,8104,1247406279
2497,5060,1247406279
5762,9415,1247406279
5060,7644,1247406279
2930,2493,1247406279
2930,8104,1247406279
9690,9883,1247406279
2714,5797,1247406299
2497,5060,1247406299
10609,524,1247406299
5762,524,1247406299
5060,7644,1247406299
524,8627,1247406299
2930,2493,1247406299
2493,8104,1247406299
6287,8627,1247406299
2714,5797,1247406319
2714,2493,1247406319
6160,10455,1247406319
5797,2493,1247406319
5797,8104,1247406319
2497,7644,1247406319
9415,5762,1247406319
5762,524,1247406319
9554,7644,1247406319
2493,8104,1247406319
2714,5797,1247406339
6160,7644,1247406339
5797,2493,1247406339
5797,2930,1247406339
2497,7644,1247406339
5762,524,1247406339
5060,10455,1247406339
4194,6160,1247406359
4194,7644,1247406359
4194,4669,1247406359
2714,5797,1247406359
6160,7644,1247406359
5797,2493,1247406359
5797,2930,1247406359
5762,9415,1247406359
9620,524,1247406359
9620,10199,1247406359
524,1532,1247406359
6160,7644,1247406379
5797,2493,1247406379
5797,2930,1247406379
10609,9883,1247406379
7644,8104,1247406379
524,9620,1247406379
2930,2493,1247406379
2714,5797,1247406399
2714,2493,1247406399
2714,2930,1247406399
6160,7644,1247406399
5797,2493,1247406399
5797,2930,1247406399
10609,9690,1247406399
2714,5797,1247406419
6160,7644,1247406419
5797,2493,1247406419
5797,2930,1247406419
10609,9690,1247406419
5762,524,1247406419
9554,503,1247406419
8104,4249,1247406419
5797,2930,1247406439
10609,9690,1247406439
9415,524,1247406439
1364,7644,1247406459
6160,7644,1247406459
10609,9690,1247406459
5762,9415,1247406459
9415,524,1247406459
8104,4249,1247406459
6287,8627,1247406459
2714,5797,1247406479
10609,9690,1247406479
5762,9415,1247406479
9415,524,1247406479
7644,6160,1247406479
1364,7644,1247406499
2497,10455,1247406499
10609,9690,1247406499
9415,5762,1247406499
9415,524,1247406499
7644,6160,1247406499
5273,9784,1247406499
1364,7644,1247406519
5797,2930,1247406519
10609,9690,1247406519
9415,524,1247406519
9415,5762,1247406519
9620,524,1247406539
2497,10455,1247406539
10609,9690,1247406539
5762,9415,1247406539
9415,524,1247406539
4194,503,1247406559
5762,9415,1247406559
4194,503,1247406579
9620,524,1247406579
2497,10455,1247406579
10609,9690,1247406579
9584,9784,1247406579
4194,503,1247406599
5797,2930,1247406599
2497,10455,1247406599
1952,2536,1247406599
1952,4405,1247406599
9584,5273,1247406599
2930,2493,1247406599
2536,4405,1247406599
2714,5797,1247406619
5797,2493,1247406619
5797,2930,1247406619
10609,9690,1247406619
5762,9415,1247406619
9415,524,1247406619
1952,4405,1247406619
9584,9784,1247406619
9584,5273,1247406619
9620,4414,1247406619
5273,9784,1247406619
10455,503,1247406619
10609,9690,1247406639
9620,10558,1247406639
9415,524,1247406639
9584,9784,1247406639
5273,9784,1247406639
9690,4249,1247406639
5762,524,1247406659
5273,9784,1247406659
8104,4249,1247406659
2714,5797,1247406679
2714,2930,1247406679
5797,2930,1247406679
2497,10455,1247406679
10609,9690,1247406679
1952,4405,1247406679
503,2493,1247406679
8104,4249,1247406679
5797,2930,1247406699
10609,9690,1247406699
5762,524,1247406699
9660,3971,1247406699
5273,9784,1247406699
8104,4249,1247406699
2714,5797,1247406719
2714,2930,1247406719
5797,2930,1247406719
2497,9690,1247406719
10609,9690,1247406719
553,6077,1247406719
553,9175,1247406719
524,9784,1247406719
5273,9784,1247406719
8104,4249,1247406719
1016,9175,1247406719
2714,5797,1247406739
9415,524,1247406739
553,6077,1247406739
553,1016,1247406739
3971,9660,1247406739
2536,4405,1247406739
5921,6077,1247406739
5921,1016,1247406739
8104,4249,1247406739
6077,1016,1247406739
6077,9175,1247406739
1016,9175,1247406739
2714,5797,1247406759
5797,2930,1247406759
9415,9784,1247406759
9415,524,1247406759
5060,10455,1247406759
9660,3971,1247406759
524,9784,1247406759
8104,4249,1247406759
6077,1016,1247406759
9883,4414,1247406759
2714,5797,1247406779
5762,9415,1247406779
5060,10455,1247406779
3971,9660,1247406779
5762,9415,1247406799
5060,10455,1247406799
9784,6287,1247406799
1016,9175,1247406799
10609,9690,1247406819
1952,4405,1247406819
5060,10455,1247406819
3971,9660,1247406819
5921,9784,1247406839
5921,553,1247406839
10609,9690,1247406839
5060,10455,1247406839
3971,9660,1247406839
2930,2493,1247406839
5273,9784,1247406839
1364,3637,1247406859
5921,1016,1247406859
3931,1952,1247406859
5060,10455,1247406859
9660,3971,1247406859
2930,2493,1247406859
3931,4405,1247406879
10609,9690,1247406879
5060,10455,1247406879
9415,5762,1247406879
1952,4405,1247406879
2930,2493,1247406879
5273,9784,1247406879
9784,6287,1247406879
5921,1016,1247406899
10609,9690,1247406899
5060,10455,1247406899
2930,2493,1247406899
9784,6287,1247406899
2930,2493,1247406919
5921,1016,1247406919
5921,9175,1247406919
1016,9175,1247406919
9660,3971,1247406919
2714,2493,1247406939
5060,10455,1247406939
9660,3971,1247406939
2930,2493,1247406939
5921,1016,1247406939
2714,5797,1247406959
5797,2930,1247406959
1952,4405,1247406959
5060,10455,1247406959
9660,3971,1247406959
5921,1016,1247406959
6287,8627,1247406959
8627,4405,1247406959
2714,2930,1247406979
553,5921,1247406979
5921,1016,1247406979
10609,4414,1247406999
5762,9415,1247406999
2930,2493,1247406999
5921,1016,1247406999
4194,503,1247407019
5797,2930,1247407019
10609,9690,1247407019
2930,2493,1247407019
5921,1016,1247407019
2482,3971,1247407019
2482,9660,1247407019
2497,10609,1247407039
2497,4405,1247407039
10609,9690,1247407039
5762,9415,1247407039
1952,4405,1247407039
5921,1016,1247407039
4194,10609,1247407059
2714,5797,1247407059
5921,9175,1247407059
5797,2930,1247407059
9415,5762,1247407059
553,1016,1247407059
2482,3971,1247407059
1016,9175,1247407059
2714,5797,1247407079
2714,2493,1247407079
2714,2930,1247407079
5797,2493,1247407079
5797,2930,1247407079
10609,9690,1247407079
1952,4405,1247407079
9660,3971,1247407079
3971,2482,1247407079
2930,2493,1247407079
5921,553,1247407079
5921,9175,1247407079
4194,8627,1247407099
2714,5797,1247407099
2714,2493,1247407099
2714,2930,1247407099
5797,2493,1247407099
5797,2930,1247407099
5762,9415,1247407099
9660,3971,1247407099
3971,2482,1247407099
10455,8627,1247407099
9415,503,1247407119
9660,3971,1247407119
3971,2482,1247407119
5921,1016,1247407119
9660,3971,1247407139
9660,2482,1247407139
3971,2482,1247407139
5921,1016,1247407139
6160,7644,1247407159
9660,3971,1247407159
5273,9784,1247407159
2482,3971,1247407159
3931,10609,1247407179
3931,1952,1247407179
553,5921,1247407179
7644,6160,1247407179
3971,2482,1247407179
3971,9660,1247407179
5921,9175,1247407179
1016,9175,1247407179
3931,10609,1247407199
3931,1952,1247407199
6287,8627,1247407199
6160,7644,1247407219
3931,1952,1247407219
10609,9883,1247407219
10609,9690,1247407219
9660,2482,1247407219
5921,6077,1247407219
9690,4405,1247407219
6077,9175,1247407219
6287,8627,1247407219
282,8627,1247407219
150,8627,1247407219
4194,4405,1247407239
3931,1952,1247407239
10609,9690,1247407239
7644,6160,1247407239
10455,4405,1247407239
6077,9175,1247407239
6160,7644,1247407259
3931,8627,1247407259
3931,1952,1247407259
10609,9883,1247407259
10609,9690,1247407259
5762,9415,1247407259
9660,3971,1247407259
5921,9175,1247407259
9690,9883,1247407259
6077,9175,1247407259
2482,3971,1247407259
5921,1016,1247407279
3931,1952,1247407279
7644,6160,1247407279
10199,1532,1247407279
6160,6287,1247407279
1016,9175,1247407279
282,150,1247407279
4194,503,1247407299
6160,7644,1247407299
9415,5762,1247407299
10199,1532,1247407299
5921,1016,1247407299
5921,9175,1247407299
1016,9175,1247407299
282,150,1247407299
5921,1016,1247407319
3931,1952,1247407319
5060,10455,1247407319
9415,5762,1247407319
6287,8627,1247407319
4194,503,1247407339
4194,2497,1247407339
3931,1952,1247407339
10609,4405,1247407339
5060,10455,1247407339
9415,5762,1247407339
2482,3971,1247407339
6287,8627,1247407339
8627,4405,1247407339
4194,503,1247407359
4194,2497,1247407359
3931,1952,1247407359
10609,4405,1247407359
9584,10455,1247407359
9584,9175,1247407359
553,1016,1247407359
10199,282,1247407359
5921,6077,1247407359
2482,3971,1247407359
6287,8627,1247407359
282,150,1247407359
4194,1532,1247407379
4194,503,1247407379
4194,2497,1247407379
3931,1952,1247407379
3971,2482,1247407379
6287,8627,1247407379
282,150,1247407379
4194,503,1247407399
3931,1952,1247407399
6077,9175,1247407399
6287,8627,1247407399
4194,503,1247407419
4194,2497,1247407419
3931,1952,1247407419
10609,9883,1247407419
10609,4405,1247407419
9660,2482,1247407419
5921,6077,1247407419
5921,9175,1247407419
6077,9175,1247407419
6287,8627,1247407419
4194,2497,1247407439
3931,1952,1247407439
10199,1532,1247407439
2482,3971,1247407439
4194,503,1247407459
3931,1952,1247407459
2482,3971,1247407459
282,150,1247407459
4194,503,1247407479
4194,2497,1247407479
3931,1952,1247407479
9415,5762,1247407479
282,150,1247407479
4194,503,1247407499
4194,2497,1247407499
6160,7644,1247407499
9415,5762,1247407499
5921,6077,1247407499
9690,2482,1247407499
4194,503,1247407519
4194,2497,1247407519
10609,1532,1247407519
10609,5762,1247407519
9415,524,1247407519
7644,6160,1247407519
5921,6077,1247407519
282,150,1247407519
4194,2497,1247407539
7644,6160,1247407539
5921,6077,1247407539
1016,9175,1247407539
4194,2497,1247407559
3931,1952,1247407559
10199,1532,1247407559
1016,9175,1247407559
6802,6888,1247407559
4194,2497,1247407579
3931,1952,1247407579
5921,9175,1247407579
1016,9175,1247407579
6802,6888,1247407579
282,150,1247407579
3931,1952,1247407599
5921,9690,1247407599
6802,6888,1247407599
4194,9554,1247407619
6160,7644,1247407619
3931,1952,1247407619
5060,10455,1247407619
10455,9175,1247407619
5921,6077,1247407619
6077,9175,1247407619
1016,9175,1247407619
6802,6888,1247407619
282,150,1247407619
6160,7644,1247407639
3931,1952,1247407639
10609,10199,1247407639
5921,1016,1247407639
2482,3971,1247407639
1016,9175,1247407639
4194,503,1247407659
6160,7644,1247407659
3931,1952,1247407659
10609,3637,1247407659
10609,5762,1247407659
9554,9175,1247407659
9660,3971,1247407659
6077,9175,1247407659
1016,9175,1247407659
6802,6888,1247407659
6160,7644,1247407679
3931,1952,1247407679
5060,10455,1247407679
5762,524,1247407679
5762,7644,1247407679
9660,3971,1247407679
3971,2482,1247407679
6077,9175,1247407679
3931,1952,1247407699
5921,6077,1247407699
5921,1016,1247407699
6077,1016,1247407699
6077,9175,1247407699
2482,3971,1247407699
1016,9175,1247407699
5921,1016,1247407719
5921,553,1247407719
5921,9175,1247407719
3931,1952,1247407719
5060,10455,1247407719
7644,6160,1247407719
3971,2482,1247407719
10199,1532,1247407719
6077,1016,1247407719
6077,9175,1247407719
1016,9175,1247407719
282,150,1247407719
3931,1952,1247407739
10199,1532,1247407739
2482,3971,1247407739
282,150,1247407739
4194,503,1247407759
3931,1952,1247407759
7644,4405,1247407759
10199,1532,1247407759
6802,6888,1247407759
282,150,1247407759
6160,7644,1247407779
3931,1952,1247407779
5060,10455,1247407779
7644,4405,1247407779
10199,1532,1247407779
4194,503,1247407799
6160,7644,1247407799
3931,4405,1247407799
3931,1952,1247407799
5060,10455,1247407799
10199,1532,1247407799
6077,1016,1247407799
6077,553,1247407799
6077,9175,1247407799
1016,553,1247407799
1016,9175,1247407799
282,150,1247407799
4194,503,1247407819
6160,7644,1247407819
3931,1952,1247407819
553,6077,1247407819
553,9175,1247407819
10199,1532,1247407819
6077,1016,1247407819
6077,9175,1247407819
1016,9175,1247407819
6802,6888,1247407819
282,150,1247407819
4194,2497,1247407839
3931,1952,1247407839
553,6077,1247407839
6802,6888,1247407839
6077,1016,1247407839
282,150,1247407839
3931,1952,1247407859
5060,219,1247407859
6077,1016,1247407859
6077,553,1247407859
2482,3971,1247407859
6802,6888,1247407859
282,150,1247407859
4194,503,1247407879
3931,1952,1247407879
5060,10455,1247407879
3702,6077,1247407879
6077,1016,1247407879
6077,553,1247407879
553,9175,1247407879
282,150,1247407879
4194,503,1247407899
3931,1952,1247407899
5762,9415,1247407899
5060,10455,1247407899
6802,6888,1247407899
6077,9175,1247407899
4194,503,1247407919
6160,7644,1247407919
3931,1952,1247407919
5762,9415,1247407919
5060,10455,1247407919
5060,219,1247407919
7644,3637,1247407919
6077,9175,1247407919
10455,219,1247407919
553,9175,1247407919
6145,1907,1247407939
3931,1952,1247407939
9415,5762,1247407939
5921,6077,1247407939
6077,9175,1247407939
553,9175,1247407939
3931,1952,1247407959
5762,3637,1247407959
5762,9415,1247407959
9415,3637,1247407959
553,6077,1247407959
553,9175,1247407959
5921,6077,1247407959
6077,9175,1247407959
2482,3971,1247407959
9660,3971,1247407959
282,150,1247407959
6160,7644,1247407979
3931,1952,1247407979
5762,9415,1247407979
6077,553,1247407979
282,150,1247407979
150,4405,1247407979
6160,7644,1247407999
3931,1952,1247407999
4194,503,1247407999
5762,9415,1247407999
553,5921,1247407999
553,9175,1247407999
5921,1016,1247407999
6077,9175,1247407999
282,150,1247407999
6145,1907,1247408019
6160,7644,1247408019
3931,1952,1247408019
5762,9415,1247408019
6077,1016,1247408019
6077,553,1247408019
6077,9175,1247408019
6160,7644,1247408039
3931,1952,1247408039
5762,9415,1247408039
553,6077,1247408039
553,5921,1247408039
553,9175,1247408039
6077,9175,1247408039
2482,3971,1247408039
6160,7644,1247408059
3931,1952,1247408059
4194,503,1247408059
553,6077,1247408059
553,5921,1247408059
5921,553,1247408079
5921,9175,1247408079
3931,1952,1247408079
7644,6160,1247408079
6160,7644,1247408099
3931,1952,1247408099
10609,9690,1247408099
5762,9415,1247408099
5921,1016,1247408099
3931,5762,1247408119
5762,6160,1247408119
5762,9415,1247408119
1952,6160,1247408119
5921,1016,1247408119
2482,3971,1247408119
6160,7644,1247408139
5762,9415,1247408139
9660,2482,1247408139
3971,2482,1247408139
4194,503,1247408159
6160,7644,1247408159
5762,9415,1247408179
7644,6160,1247408179
3971,2482,1247408179
6077,9175,1247408179
6160,7644,1247408199
3931,1952,1247408199
4194,503,1247408199
3971,2482,1247408199
5921,1016,1247408199
6077,9175,1247408199
3931,1952,1247408219
4194,503,1247408219
4732,2494,1247408219
1017,2494,1247408219
6077,553,1247408219
553,150,1247408219
3931,1952,1247408239
4194,503,1247408239
5762,9415,1247408239
5921,1016,1247408239
2494,4732,1247408239
6077,553,1247408239
553,9175,1247408239
4194,503,1247408259
1364,3637,1247408259
5762,524,1247408259
9660,3971,1247408259
4732,2494,1247408259
5921,1016,1247408259
6077,553,1247408259
4194,503,1247408279
5762,9415,1247408279
5921,1016,1247408279
6145,1907,1247408299
10609,9690,1247408299
7644,6888,1247408299
6160,7644,1247408319
5762,9415,1247408319
9660,3971,1247408319
5921,1016,1247408319
2482,3971,1247408319
6160,7644,1247408339
4194,503,1247408339
5762,9415,1247408339
9660,3971,1247408339
4732,1017,1247408339
5921,1016,1247408339
2482,3971,1247408339
4194,503,1247408359
9660,3971,1247408359
3971,2482,1247408359
4732,2494,1247408359
1907,6077,1247408359
4194,503,1247408379
9660,3971,1247408379
3971,2482,1247408379
1907,6077,1247408379
5921,1016,1247408379
2494,4732,1247408379
6145,1907,1247408399
4194,503,1247408399
9415,9783,1247408399
553,1907,1247408399
7644,6160,1247408399
4732,2494,1247408399
4669,4414,1247408399
9660,3971,1247408399
4194,503,1247408419
9660,3971,1247408419
4732,2494,1247408419
5273,9783,1247408419
5921,1016,1247408419
6077,9175,1247408419
4669,4414,1247408419
4194,503,1247408439
553,6077,1247408439
4732,2494,1247408439
6802,6888,1247408439
6077,9175,1247408439
2482,3971,1247408439
9660,3971,1247408439
1364,3637,1247408459
4194,503,1247408459
5762,9415,1247408459
553,6077,1247408459
4732,2494,1247408459
6077,9175,1247408459
3931,4405,1247408479
3931,1952,1247408479
4194,503,1247408479
5762,9415,1247408479
1952,4405,1247408479
9660,2482,1247408479
4732,2494,1247408479
5921,1016,1247408479
5921,9175,1247408479
3931,4405,1247408499
3931,1952,1247408499
4194,503,1247408499
5762,9415,1247408499
1952,4405,1247408499
7644,6160,1247408499
4732,2494,1247408499
6077,553,1247408499
4194,503,1247408519
5921,1016,1247408519
3931,503,1247408519
3931,4405,1247408519
3931,1952,1247408519
5762,9415,1247408519
1952,4405,1247408519
7644,6160,1247408519
4732,2494,1247408519
6077,553,1247408519
4194,503,1247408539
1364,3637,1247408539
3931,4405,1247408539
3931,1952,1247408539
1952,4405,1247408539
503,9175,1247408539
4732,2494,1247408539
5273,9783,1247408539
6802,6888,1247408539
6160,7644,1247408559
3931,4405,1247408559
3931,1952,1247408559
4194,503,1247408559
4732,2494,1247408559
1017,2494,1247408559
5921,1016,1247408559
3931,4405,1247408579
3931,1952,1247408579
4194,503,1247408579
9415,5762,1247408579
9584,9783,1247408579
7644,6160,1247408579
4732,2494,1247408579
1017,2494,1247408579
5921,1016,1247408579
3931,1952,1247408599
4194,503,1247408599
9415,5762,1247408599
9584,9783,1247408599
4732,2494,1247408599
4732,1017,1247408599
6077,4405,1247408599
1528,69,1247408599
3931,1952,1247408619
4194,503,1247408619
5762,9415,1247408619
4732,2494,1247408619
6077,4405,1247408619
3931,1952,1247408639
4194,503,1247408639
5061,69,1247408639
9415,5762,1247408639
4732,2494,1247408639
5921,553,1247408639
6077,4405,1247408639
6077,1016,1247408639
6160,7644,1247408659
4194,503,1247408659
10609,9690,1247408659
7644,6888,1247408659
1907,6888,1247408659
2494,4732,1247408659
6077,1016,1247408659
6160,7644,1247408679
4194,503,1247408679
5061,69,1247408679
4732,2494,1247408679
1017,2494,1247408679
10609,69,1247408699
10609,5061,1247408699
10609,9690,1247408699
5762,524,1247408699
5762,9415,1247408699
5762,81,1247408699
9415,524,1247408699
524,9690,1247408699
4732,2494,1247408699
2482,3971,1247408699
4194,503,1247408719
1364,3637,1247408719
5061,69,1247408719
4732,2494,1247408719
4732,1017,1247408719
1017,7190,1247408719
2482,3971,1247408719
4194,503,1247408739
3931,1952,1247408739
9557,3971,1247408739
4732,1017,1247408739
1017,2494,1247408739
5921,4405,1247408739
5921,1016,1247408739
4194,503,1247408759
3931,1952,1247408759
5061,69,1247408759
9415,524,1247408759
9415,5762,1247408759
1952,5921,1247408759
1952,4405,1247408759
1952,3971,1247408759
5762,524,1247408759
5762,81,1247408759
524,81,1247408759
1017,4732,1247408759
5921,4405,1247408759
2482,3971,1247408759
6802,6888,1247408759
3931,9557,1247408779
3931,1952,1247408779
4194,503,1247408779
5061,69,1247408779
9557,3971,1247408779
1017,2494,1247408779
5921,1016,1247408779
2482,3971,1247408779
3931,1952,1247408799
1952,4405,1247408799
4732,2494,1247408799
2482,3971,1247408799
6802,6888,1247408799
3931,1952,1247408819
1952,4405,1247408819
6077,9175,1247408819
4194,503,1247408839
3931,1952,1247408839
1017,2494,1247408839
5273,9783,1247408839
6077,9175,1247408839
2482,3971,1247408839
6802,6888,1247408839
3931,1952,1247408859
4194,503,1247408859
3971,2482,1247408859
6802,6888,1247408859
3931,1952,1247408879
4194,9660,1247408879
4732,2494,1247408879
6802,6888,1247408879
6160,7644,1247408899
3931,1952,1247408899
4194,4732,1247408899
2494,4732,1247408899
2482,3971,1247408899
6160,7644,1247408919
3931,4405,1247408919
3931,1952,1247408919
1952,4405,1247408919
9660,3971,1247408919
9660,9783,1247408919
4732,2494,1247408919
4732,1017,1247408919
1017,2494,1247408919
6077,9175,1247408919
2482,553,1247408919
3931,4405,1247408939
3931,1952,1247408939
3971,2482,1247408939
1017,2494,1247408939
1017,4732,1247408939
2494,4732,1247408939
3931,4405,1247408959
5061,69,1247408959
1952,4405,1247408959
9660,2482,1247408959
2494,4732,1247408959
6802,6888,1247408959
3931,4405,1247408979
3931,1952,1247408979
1952,4405,1247408979
9660,2482,1247408979
4732,2494,1247408979
2482,3971,1247408979
2482,3971,1247408999
1017,2494,1247409019
5061,3971,1247409039
1017,2494,1247409039
3931,4405,1247409059
1952,4405,1247409059
1017,2494,1247409059
1017,4732,1247409059
2494,4732,1247409059
9557,2494,1247409079
2494,4732,1247409079
3931,1952,1247409099
9584,9783,1247409099
1017,2494,1247409099
5921,6077,1247409099
2494,4732,1247409099
553,9175,1247409099
9584,9783,1247409119
1017,2494,1247409119
1017,4732,1247409119
2494,4732,1247409119
5921,6077,1247409119
5921,4405,1247409119
6077,4405,1247409119
3931,4405,1247409139
9584,9783,1247409139
4732,2494,1247409139
9557,4405,1247409159
9660,3971,1247409159
3931,1952,1247409179
9557,2494,1247409199
9660,3971,1247409199
1017,2494,1247409199
2494,4732,1247409199
6160,7644,1247409219
1017,4732,1247409239
6145,1907,1247409259
6160,6077,1247409259
6160,6077,1247409279
4732,1017,1247409279
5273,9783,1247409279
6145,1907,1247409299
6160,7644,1247409299
5061,69,1247409299
4732,2494,1247409299
1017,2494,1247409299
5273,9783,1247409299
1017,2494,1247409319
2494,4732,1247409319
6160,7644,1247409339
9584,9783,1247409339
4732,2494,1247409339
4732,1017,1247409339
1017,2494,1247409339
6160,7644,1247409359
9584,9783,1247409359
1017,4732,1247409359
2494,4732,1247409359
4732,4405,1247409359
6160,7644,1247409379
1017,4732,1247409379
2494,4732,1247409379
5061,69,1247409399
1017,4732,1247409399
2494,4732,1247409399
9660,3971,1247409399
6160,7644,1247409419
5061,69,1247409419
1017,4732,1247409419
5921,6077,1247409419
6288,8626,1247409419
6160,7644,1247409439
1017,2494,1247409439
1017,4732,1247409439
2494,4732,1247409439
5921,6077,1247409439
6288,8626,1247409439
9660,3971,1247409459
4732,2494,1247409459
4732,1017,1247409459
1017,2494,1247409459
6077,9175,1247409459
6160,3971,1247409479
6160,2494,1247409479
4732,2494,1247409479
1017,2494,1247409479
5921,1016,1247409479
6077,9175,1247409479
6288,8626,1247409479
6160,2494,1247409499
4732,2494,1247409499
4732,1017,1247409499
1017,2494,1247409499
5921,9175,1247409499
6077,3702,1247409499
3702,1016,1247409499
9584,9783,1247409519
3971,9660,1247409519
4732,2494,1247409519
1017,2494,1247409519
10561,8626,1247409519
5921,1016,1247409519
6077,3702,1247409519
6077,1016,1247409519
3702,1016,1247409519
6160,7644,1247409539
9660,3971,1247409539
4732,2494,1247409539
5921,1016,1247409539
6160,7644,1247409559
5061,69,1247409559
9584,9783,1247409559
4732,2494,1247409559
6077,1016,1247409559
6077,3702,1247409559
1016,9175,1247409559
6160,7644,1247409579
2494,4732,1247409579
6288,8626,1247409579
6160,7644,1247409599
9557,9660,1247409599
4732,2494,1247409599
1016,9175,1247409599
6288,8626,1247409599
6160,7644,1247409619
9660,3971,1247409619
4732,2494,1247409619
6288,8626,1247409619
5061,2494,1247409639
553,5921,1247409639
553,1016,1247409639
3971,9660,1247409639
5921,1016,1247409639
2494,4732,1247409639
6288,8626,1247409639
6160,7644,1247409659
5061,69,1247409659
9660,3971,1247409659
9660,503,1247409659
5921,6077,1247409659
5921,1016,1247409659
5921,553,1247409659
2482,3971,1247409659
1016,9175,1247409659
6288,8626,1247409659
6160,7644,1247409679
5061,69,1247409679
553,5921,1247409679
3971,9660,1247409679
6288,8626,1247409679
6160,7644,1247409699
9660,3971,1247409699
4732,2494,1247409699
5921,9175,1247409699
1016,9175,1247409699
6160,7644,1247409719
553,5921,1247409719
2494,4732,1247409719
2482,3971,1247409719
1016,9175,1247409719
9584,9783,1247409739
9584,5273,1247409739
9660,3971,1247409739
4732,2494,1247409739
5273,9783,1247409739
5921,6077,1247409739
5921,553,1247409739
6077,1016,1247409739
6077,553,1247409739
6802,6888,1247409739
5061,69,1247409759
5061,1528,1247409759
9584,9783,1247409759
9660,3971,1247409759
5273,9783,1247409759
5921,1016,1247409759
5921,553,1247409759
1528,69,1247409759
6802,6888,1247409759
6288,8626,1247409759
5061,69,1247409779
5061,1528,1247409779
9584,9783,1247409779
9584,5273,1247409779
553,5921,1247409779
3971,9660,1247409779
1017,2494,1247409779
5273,9783,1247409779
5921,6077,1247409779
5921,1016,1247409779
1528,69,1247409779
6802,6888,1247409779
2715,9623,1247409799
5061,69,1247409799
9584,9783,1247409799
9660,3971,1247409799
9660,503,1247409799
4732,2494,1247409799
5273,9783,1247409799
5921,1016,1247409799
2715,9623,1247409819
5061,69,1247409819
9584,9783,1247409819
9660,3971,1247409819
4732,2494,1247409819
4732,1017,1247409819
1017,2494,1247409819
5273,9783,1247409819
5921,1016,1247409819
5921,553,1247409819
6802,6888,1247409819
9584,9783,1247409839
9584,5273,1247409839
1017,2494,1247409839
5273,9783,1247409839
2494,4732,1247409839
5921,9175,1247409839
2482,3971,1247409839
9660,3971,1247409839
6288,8626,1247409839
2715,9623,1247409859
9584,9783,1247409859
9584,5273,1247409859
9660,3971,1247409859
3971,2482,1247409859
4732,2494,1247409859
5273,9783,1247409859
6288,8626,1247409859
5061,69,1247409879
5061,9175,1247409879
9660,3971,1247409879
4732,2494,1247409879
5921,9175,1247409879
2482,3971,1247409879
6802,6888,1247409879
2715,9623,1247409899
9660,3971,1247409899
3971,2482,1247409899
4732,2494,1247409899
6802,6888,1247409899
553,9175,1247409899
2715,9623,1247409919
9660,3971,1247409919
503,2494,1247409919
503,4732,1247409919
5921,9175,1247409919
2482,3971,1247409919
6802,6888,1247409919
553,9175,1247409919
2715,9623,1247409939
9557,2494,1247409939
9557,4732,1247409939
3971,2482,1247409939
3971,9660,1247409939
4732,2494,1247409939
6802,6888,1247409939
6288,8626,1247409939
2715,9623,1247409959
9660,3971,1247409959
4732,2494,1247409959
2482,3971,1247409959
6802,6888,1247409959
6288,8626,1247409959
1364,3637,1247409979
2715,9623,1247409979
4732,2494,1247409979
2482,3971,1247409979
1016,9175,1247409979
6802,6888,1247409979
9660,3971,1247409979
6288,8626,1247409979
2715,9623,1247409999
5061,69,1247409999
3971,9660,1247409999
6802,6888,1247409999
6288,8626,1247409999
503,9175,1247409999
5061,69,1247410019
9660,3971,1247410019
1016,9175,1247410019
6802,6888,1247410019
6160,7644,1247410039
9660,3971,1247410039
1017,2494,1247410039
6077,9175,1247410039
150,8626,1247410039
6160,7644,1247410059
9557,9660,1247410059
9660,3971,1247410059
3971,2482,1247410059
4732,2494,1247410059
4732,1017,1247410059
1017,2494,1247410059
6077,9175,1247410059
1016,9175,1247410059
6288,8626,1247410059
2715,9623,1247410079
9660,3971,1247410079
2494,4732,1247410079
5921,553,1247410079
2715,9623,1247410099
6160,7644,1247410099
5061,69,1247410099
9660,3971,1247410099
4732,2494,1247410099
4732,1017,1247410099
5921,553,1247410099
69,3637,1247410099
6802,6888,1247410099
6145,553,1247410119
6160,7644,1247410119
5061,69,1247410119
553,9175,1247410119
3971,9660,1247410119
4732,2494,1247410119
4732,1017,1247410119
1017,2494,1247410119
9660,3971,1247410139
9660,2482,1247410139
4732,2494,1247410139
4732,1017,1247410139
1017,2494,1247410139
5555,4405,1247410139
6802,6888,1247410139
553,9175,1247410139
2715,9623,1247410159
9660,3971,1247410159
9660,2482,1247410159
4732,1017,1247410159
1017,2494,1247410159
6077,553,1247410159
6077,9175,1247410159
553,9175,1247410159
6288,8626,1247410159
2715,9623,1247410179
6160,7644,1247410179
553,6077,1247410179
4732,1017,1247410179
1017,2494,1247410179
5921,9175,1247410179
2482,9660,1247410179
9660,3971,1247410179
6160,7644,1247410199
5061,69,1247410199
9660,2482,1247410199
1017,2494,1247410199
5921,9175,1247410199
6802,6888,1247410199
6160,7644,1247410219
9660,3971,1247410219
9660,2482,1247410219
1017,2494,1247410219
5555,4405,1247410219
5921,6077,1247410219
6077,9175,1247410219
2715,9623,1247410239
6160,7644,1247410239
9660,3971,1247410239
1017,2494,1247410239
6077,9175,1247410239
5061,69,1247410259
1017,2494,1247410259
9660,3971,1247410259
6160,7644,1247410279
5061,69,1247410279
4732,1017,1247410279
1017,2494,1247410279
5921,6077,1247410279
6160,7644,1247410299
9660,3971,1247410299
4732,1017,1247410299
1017,2494,1247410299
5921,6077,1247410299
1364,8626,1247410319
6160,7644,1247410319
4732,2494,1247410319
4732,1017,1247410319
1017,2494,1247410319
9660,3971,1247410319
6288,8626,1247410319
9660,3971,1247410339
6288,8626,1247410339
2715,9175,1247410359
9660,3971,1247410359
4732,1017,1247410359
1364,3637,1247410379
2715,9623,1247410379
6160,6888,1247410379
3971,9660,1247410379
3971,2482,1247410379
4732,2494,1247410379
4732,1017,1247410379
1017,2494,1247410379
1364,503,1247410399
1364,3637,1247410399
6160,7644,1247410399
9660,3971,1247410399
3971,2482,1247410399
4732,2494,1247410399
4732,1017,1247410399
1017,2494,1247410399
503,3637,1247410399
9660,3971,1247410419
3971,2482,1247410419
4732,2494,1247410419
1017,2494,1247410419
5921,1016,1247410419
6160,6802,1247410439
3971,9660,1247410439
3971,2482,1247410439
4732,2494,1247410439
4732,1017,1247410439
1017,2494,1247410439
2482,9660,1247410439
2715,9623,1247410459
3971,2482,1247410459
3971,9660,1247410459
1017,2494,1247410459
5555,8626,1247410459
2482,9660,1247410459
2715,9623,1247410479
3971,2482,1247410479
3971,9660,1247410479
4732,1017,1247410479
1017,2494,1247410479
6802,6888,1247410479
6288,8626,1247410479
2715,9623,1247410499
6160,7644,1247410499
9660,3971,1247410499
1017,2494,1247410499
6077,553,1247410499
553,9175,1247410499
6288,8626,1247410499
2715,9623,1247410519
6160,7644,1247410519
9623,553,1247410519
1017,2494,1247410519
6077,553,1247410519
553,9175,1247410519
6288,8626,1247410519
2715,9623,1247410539
6160,7644,1247410539
9623,553,1247410539
9557,1907,1247410539
9660,3971,1247410539
1017,2494,1247410539
6077,553,1247410539
9660,3971,1247410559
4732,2494,1247410559
4732,1017,1247410559
1017,2494,1247410559
6077,553,1247410559
9660,3971,1247410579
1017,2494,1247410579
6802,6888,1247410579
553,9175,1247410579
6288,8626,1247410579
6145,1907,1247410599
2715,9623,1247410599
6160,6802,1247410599
9660,3971,1247410599
3971,2482,1247410599
1017,2494,1247410599
6288,8626,1247410599
1017,2494,1247410619
6288,8626,1247410619
6145,1907,1247410639
553,9175,1247410639
1017,2494,1247410639
6077,7190,1247410639
6288,8626,1247410639
2715,8626,1247410659
3971,9660,1247410659
3971,2482,1247410659
1017,2494,1247410659
10561,8626,1247410659
6077,1016,1247410659
2482,9660,1247410659
6802,6888,1247410659
3971,9660,1247410679
1017,2494,1247410679
6802,6888,1247410679
6288,8626,1247410679
2715,9623,1247410699
6160,6802,1247410699
9557,8626,1247410699
9557,6288,1247410699
3971,9660,1247410699
4732,1017,1247410699
1017,2494,1247410699
6288,8626,1247410699
553,3971,1247410719
553,9660,1247410719
3971,2482,1247410719
3971,9660,1247410719
1017,2494,1247410719
6288,8626,1247410719
3971,2482,1247410739
9623,2482,1247410759
3971,2482,1247410759
1017,2494,1247410759
2482,9660,1247410759
3971,2482,1247410779
1017,2494,1247410779
2715,2482,1247410799
2715,9623,1247410799
553,5921,1247410799
3971,2482,1247410799
3971,9660,1247410799
3971,9660,1247410819
3971,2482,1247410819
1017,2494,1247410819
6288,8626,1247410819
2715,9623,1247410839
3971,9660,1247410839
3971,2482,1247410839
1017,2494,1247410839
5555,6888,1247410839
6288,8626,1247410839
2715,9623,1247410859
6160,7644,1247410859
9660,3971,1247410859
3971,2482,1247410859
1017,2494,1247410859
6802,6888,1247410859
6288,8626,1247410859
6160,7644,1247410879
1017,2494,1247410879
6288,8626,1247410879
6145,1016,1247410899
2715,9623,1247410899
6160,7644,1247410899
3971,2482,1247410899
1017,2494,1247410899
6802,6888,1247410899
6145,5921,1247410919
6145,1016,1247410919
6145,9175,1247410919
2715,9623,1247410919
6160,7644,1247410919
1017,2494,1247410919
5921,1016,1247410919
5921,9175,1247410919
1016,9175,1247410919
6145,1016,1247410939
2715,9623,1247410939
4732,1017,1247410939
1017,2494,1247410939
6288,8626,1247410939
2715,9623,1247410959
1017,2494,1247410959
4732,1017,1247410979
1017,2494,1247410979
9660,2482,1247410999
1017,2494,1247410999
2715,9623,1247411019
6160,7644,1247411019
4732,1017,1247411019
1017,2494,1247411019
2715,9623,1247411039
4732,2494,1247411039
4732,1017,1247411039
1017,2494,1247411039
10561,6288,1247411039
2715,9623,1247411059
4732,2494,1247411059
4732,1017,1247411059
1017,2494,1247411059
4732,1017,1247411079
1017,2494,1247411079
9660,3971,1247411099
3971,2482,1247411099
4732,1017,1247411099
1017,2494,1247411099
6802,6888,1247411099
9660,3971,1247411119
4732,1017,1247411119
1017,2494,1247411119
9660,3971,1247411139
4732,2494,1247411139
1017,2494,1247411139
6802,6888,1247411139
2715,9623,1247411159
3971,2482,1247411159
1017,2494,1247411159
6802,6888,1247411159
6160,9557,1247411179
3971,2482,1247411179
1017,2494,1247411179
6288,8626,1247411179
9660,3971,1247411199
3971,8626,1247411199
3971,2482,1247411199
1017,2494,1247411199
6802,6888,1247411199
6288,8626,1247411199
6160,7644,1247411219
9660,3971,1247411219
9660,2482,1247411219
3971,2482,1247411219
1017,2494,1247411219
6802,6888,1247411219
6288,8626,1247411219
9660,2482,1247411239
1017,2494,1247411239
6802,6888,1247411239
6288,8626,1247411239
9557,5418,1247411259
9660,3971,1247411259
3971,2482,1247411259
1017,2494,1247411259
6288,8626,1247411259
9557,5418,1247411279
9660,3971,1247411279
1017,2494,1247411279
6288,8626,1247411299
1017,2494,1247411299
2494,1017,1247411319
9660,3971,1247411319
9660,3971,1247411339
1017,2494,1247411339
5762,10456,1247411359
3971,9660,1247411359
1017,2494,1247411359
10561,8626,1247411359
6160,7644,1247411379
5764,10456,1247411379
1017,2494,1247411379
10561,8626,1247411379
6288,8626,1247411379
2715,9623,1247411399
6160,7644,1247411399
5764,10456,1247411399
9660,3971,1247411399
1017,2494,1247411399
10561,8626,1247411399
6160,7644,1247411419
9660,2482,1247411419
7644,3971,1247411419
3971,2482,1247411419
4732,2494,1247411419
4732,1017,1247411419
1017,2494,1247411419
5764,10456,1247411439
4732,2494,1247411439
4732,1017,1247411439
1017,2494,1247411439
2715,9623,1247411459
5764,10456,1247411459
7644,3971,1247411459
4732,2494,1247411459
4732,1017,1247411459
1017,2494,1247411459
2715,9623,1247411479
6160,7644,1247411479
5764,10456,1247411479
4732,2494,1247411479
4732,1017,1247411479
1017,2494,1247411479
2715,9623,1247411499
6160,7644,1247411499
5764,10456,1247411499
4732,2494,1247411499
4732,1017,1247411499
1017,2494,1247411499
4732,8626,1247411519
4732,2494,1247411519
4732,1017,1247411519
1017,2494,1247411519
5764,10456,1247411519
2494,1017,1247411539
10456,5764,1247411539
2494,1017,1247411559
2715,9623,1247411559
10456,5764,1247411559
2494,1017,1247411579
3971,2482,1247411579
2494,1017,1247411599
3971,2482,1247411599
4732,1017,1247411599
1017,2494,1247411619
2494,4732,1247411639
2494,1017,1247411639
4732,1017,1247411639
4732,2494,1247411659
1017,2494,1247411659
2482,3971,1247411659
10456,5764,1247411659
2494,4732,1247411679
10456,5764,1247411699
6288,3971,1247411719
2482,3971,1247411719
3971,8626,1247411719
10456,5764,1247411719
6288,8626,1247411739
6288,3971,1247411739
6288,2482,1247411739
9660,3971,1247411739
9660,2494,1247411739
9660,1017,1247411739
3971,8626,1247411739
3971,4732,1247411739
4732,2494,1247411739
1017,2494,1247411739
5764,10456,1247411739
8626,2482,1247411739
6288,8626,1247411759
6288,2494,1247411759
6288,4732,1247411759
6288,1017,1247411759
5764,10456,1247411759
9660,10456,1247411759
4732,8626,1247411759
4732,2494,1247411759
4732,1017,1247411759
1017,8626,1247411759
1017,2494,1247411759
10456,2482,1247411759
8626,2494,1247411759
2715,9623,1247411779
10456,5764,1247411779
6288,8626,1247411799
6288,2494,1247411799
6288,4732,1247411799
6288,1017,1247411799
2715,9623,1247411799
4732,8626,1247411799
4732,2494,1247411799
4732,1017,1247411799
1017,8626,1247411799
1017,2494,1247411799
10456,5764,1247411799
8626,2494,1247411799
1017,2494,1247411819
5764,10456,1247411819
9623,2715,1247411819
5764,10456,1247411839
10456,5764,1247411859
10456,5764,1247411899
5764,10456,1247411919
2482,3971,1247411919
5764,10456,1247411939
2715,9623,1247411939
2715,9623,1247411959
3971,2482,1247411959
9623,2715,1247411979
2715,9623,1247411999
2715,9623,1247412019
3971,2482,1247412039
10456,5764,1247412039
9623,2715,1247412039
3971,2482,1247412059
10456,5764,1247412059
10456,5764,1247412079
9222,4406,1247412099
9660,3971,1247412119
9660,2482,1247412119
2482,3971,1247412119
9222,4406,1247412119
9222,4406,1247412139
9660,3971,1247412139
9660,2482,1247412139
3971,2482,1247412139
3971,2482,1247412159
9222,4406,1247412159
9222,4406,1247412179
9222,4406,1247412199
9222,4406,1247412219
9660,2482,1247412219
9222,4406,1247412239
9222,4406,1247412279
9222,4406,1247412319
9222,4406,1247412339
9222,4406,1247412359
9222,4406,1247412379
9222,4406,1247412399
9222,4406,1247412419
9222,4406,1247412439
9222,4406,1247412479
9222,4406,1247412499
9660,3971,1247412559
9660,3971,1247412579
10456,5764,1247412599
2482,3971,1247412599
150,2482,1247412619
10456,5764,1247412619
5764,10456,1247412639
9222,4406,1247412639
5764,10456,1247412659
9222,4406,1247412659
10456,5764,1247412679
5764,10456,1247412699
5764,10456,1247412719
619,5058,1247412719
10456,5764,1247412739
10456,5764,1247412759
10456,5764,1247412779
5764,10456,1247412799
5764,10456,1247412839
10456,5764,1247412859
5764,10456,1247412899
9222,4406,1247412919
10456,5764,1247412919
5764,10456,1247412939
10456,5764,1247412959
5764,10456,1247412999
10456,5764,1247413019
5764,10456,1247413039
5764,10456,1247413059
10456,5764,1247413079
4406,9222,1247413359
4406,9222,1247413379
9222,4406,1247413399
9222,4406,1247413439
9222,4406,1247413459
9222,4406,1247413479
9222,4406,1247413499
9222,4406,1247413519
9222,4406,1247413539
9222,4406,1247413559
9222,4406,1247413579
9222,4406,1247413599
9222,4406,1247413619
9222,4406,1247413639
9222,4406,1247413659
9222,4406,1247413679
